AngleInfo:
  mean: 80.0
Entropy: 0.014454653020755196
MapSize: 1250.0
MaxEntropy: 2.321928094887362
NumObs_Cv2: 6
OccupancyRatio: 0.3184
distance(normalized): 0.3
distance.avg: 0.00693
distance.variance: 0.0
