AngleInfo:
  mean: 170.52631578947367
Entropy: 0.07426770072983625
MapSize: 5780.0
MaxEntropy: 2.321928094887362
NumObs_Cv2: 14
OccupancyRatio: 0.5716608996539793
distance(normalized): 0.7
distance.avg: 0.01077
distance.variance: 8.881e-06
