AngleInfo:
  mean: 180.0
Entropy: 0.1339398310392834
MapSize: 4500.0
MaxEntropy: 2.321928094887362
NumObs_Cv2: 13
OccupancyRatio: 0.44982222222222223
distance(normalized): 0.7
distance.avg: 0.01112
distance.variance: 1.0e-05
