AngleInfo:
  mean: 180.0
Entropy: 0.013590797130601101
MapSize: 1250.0
MaxEntropy: 2.321928094887362
NumObs_Cv2: 4
OccupancyRatio: 0.3748
distance(normalized): 0.2
distance.avg: 0.00847
distance.variance: 0.0
