AngleInfo:
  mean: 360.0
Entropy: 0.01238712072032699
MapSize: 1250.0
MaxEntropy: 2.321928094887362
NumObs_Cv2: 2
OccupancyRatio: 0.44199999999999995
distance(normalized): 1.0
distance.avg: 0.00263
distance.variance: 0.0
