AngleInfo:
  mean: 221.53846153846155
Entropy: 0.014779082070230385
MapSize: 1250.0
MaxEntropy: 2.321928094887362
NumObs_Cv2: 11
OccupancyRatio: 0.3284
distance(normalized): 0.7
distance.avg: 0.01154
distance.variance: 1.0e-05
