AngleInfo:
  mean: 120.0
Entropy: 0.014380368369561738
MapSize: 1250.0
MaxEntropy: 2.321928094887362
NumObs_Cv2: 6
OccupancyRatio: 0.32799999999999996
distance(normalized): 0.8
distance.avg: 0.00821
distance.variance: 1.0e-05
