AngleInfo:
  mean: 303.1578947368421
Entropy: 0.056050306820874495
MapSize: 6534.0
MaxEntropy: 2.321928094887362
NumObs_Cv2: 7
OccupancyRatio: 0.5429292929292929
distance(normalized): 0.4
distance.avg: 0.01459
distance.variance: 1.0e-05
