AngleInfo:
  mean: 229.0909090909091
Entropy: 0.07110831285655303
MapSize: 5302.5
MaxEntropy: 2.321928094887362
NumObs_Cv2: 20
OccupancyRatio: 0.37642621404997645
distance(normalized): 0.7
distance.avg: 0.01073
distance.variance: 1.0e-05
