AngleInfo:
  mean: 300.0
Entropy: 0.1694399426888712
MapSize: 4500.0
MaxEntropy: 2.321928094887362
NumObs_Cv2: 9
OccupancyRatio: 0.41622222222222227
distance(normalized): 0.6
distance.avg: 0.01035
distance.variance: 1.0e-05
