AngleInfo:
  mean: 216.0
Entropy: 0.1245140748099975
MapSize: 4500.0
MaxEntropy: 2.321928094887362
NumObs_Cv2: 7
OccupancyRatio: 0.5200888888888888
distance(normalized): 0.4
distance.avg: 0.01192
distance.variance: 1.0e-05
