AngleInfo:
  mean: 251.6504854368932
Entropy: 0.07036156316808322
MapSize: 7040.0
MaxEntropy: 2.321928094887362
NumObs_Cv2: 47
OccupancyRatio: 0.20319602272727277
distance(normalized): 0.6
distance.avg: 0.01272
distance.variance: 1.0e-05
