AngleInfo:
  mean: 317.6470588235294
Entropy: 0.1214396348244215
MapSize: 4500.0
MaxEntropy: 2.321928094887362
NumObs_Cv2: 17
OccupancyRatio: 0.3317333333333333
distance(normalized): 0.4
distance.avg: 0.01112
distance.variance: 0.0
