AngleInfo:
  mean: 313.04347826086956
Entropy: 0.08528176188242334
MapSize: 5780.0
MaxEntropy: 2.321928094887362
NumObs_Cv2: 18
OccupancyRatio: 0.4797231833910035
distance(normalized): 0.4
distance.avg: 0.01078
distance.variance: 3.826e-06
