AngleInfo:
  mean: 301.30434782608694
Entropy: 0.07228452742174554
MapSize: 7050.0
MaxEntropy: 2.321928094887362
NumObs_Cv2: 28
OccupancyRatio: 0.3760992907801418
distance(normalized): 0.6
distance.avg: 0.01783
distance.variance: 1.0e-05
