AngleInfo:
  mean: 170.52631578947367
Entropy: 0.015159822115416346
MapSize: 1250.0
MaxEntropy: 2.321928094887362
NumObs_Cv2: 13
OccupancyRatio: 0.29079999999999995
distance(normalized): 0.4
distance.avg: 0.01136
distance.variance: 0.0
