AngleInfo:
  mean: 327.27272727272725
Entropy: 0.054801513328681904
MapSize: 8614.0
MaxEntropy: 2.321928094887362
NumObs_Cv2: 8
OccupancyRatio: 0.5571743673090318
distance(normalized): 0.4
distance.avg: 0.00887
distance.variance: 0.0
