AngleInfo:
  mean: 271.8881118881119
Entropy: 0.11174366946411922
MapSize: 9062.5
MaxEntropy: 2.321928094887362
NumObs_Cv2: 58
OccupancyRatio: 0.1400275862068966
distance(normalized): 0.5
distance.avg: 0.01487
distance.variance: 1.0e-05
