AngleInfo:
  mean: 221.91780821917808
Entropy: 0.05735047240854982
MapSize: 4399.0
MaxEntropy: 2.321928094887362
NumObs_Cv2: 44
OccupancyRatio: 0.2760854739713571
distance(normalized): 0.5
distance.avg: 0.01369
distance.variance: 0.0
