AngleInfo:
  mean: 270.96774193548384
Entropy: 0.11578562543373316
MapSize: 10877.0
MaxEntropy: 2.321928094887362
NumObs_Cv2: 57
OccupancyRatio: 0.09924611565689068
distance(normalized): 0.5
distance.avg: 0.01474
distance.variance: 1.0e-05
