AngleInfo:
  mean: 205.71428571428572
Entropy: 0.08363498483273679
MapSize: 7107.0
MaxEntropy: 2.321928094887362
NumObs_Cv2: 35
OccupancyRatio: 0.16054594062192207
distance(normalized): 0.5
distance.avg: 0.01679
distance.variance: 1.0e-05
