AngleInfo:
  mean: 90.0
Entropy: 0.012600796385455588
MapSize: 1250.0
MaxEntropy: 2.321928094887362
NumObs_Cv2: 5
OccupancyRatio: 0.44279999999999997
distance(normalized): 0.8
distance.avg: 0.00823
distance.variance: 0.0
