AngleInfo:
  mean: 257.14285714285717
Entropy: 0.07761398390283206
MapSize: 7272.0
MaxEntropy: 2.321928094887362
NumObs_Cv2: 31
OccupancyRatio: 0.3237761276127613
distance(normalized): 0.5
distance.avg: 0.01576
distance.variance: 1.0e-05
