AngleInfo:
  mean: 154.28571428571428
Entropy: 0.012867865782988595
MapSize: 1250.0
MaxEntropy: 2.321928094887362
NumObs_Cv2: 7
OccupancyRatio: 0.41879999999999995
distance(normalized): 0.4
distance.avg: 0.03279
distance.variance: 4.0e-05
