AngleInfo:
  mean: 274.5762711864407
Entropy: 0.06341173268201043
MapSize: 6328.0
MaxEntropy: 2.321928094887362
NumObs_Cv2: 22
OccupancyRatio: 0.4250948166877371
distance(normalized): 0.5
distance.avg: 0.01498
distance.variance: 0.0
