AngleInfo:
  mean: 192.0
Entropy: 0.0815544158200884
MapSize: 5780.0
MaxEntropy: 2.321928094887362
NumObs_Cv2: 12
OccupancyRatio: 0.5341868512110727
distance(normalized): 0.4
distance.avg: 0.01135
distance.variance: 1.515e-06
