AngleInfo:
  mean: 294.54545454545456
Entropy: 0.10011508878271734
MapSize: 4500.0
MaxEntropy: 2.321928094887362
NumObs_Cv2: 19
OccupancyRatio: 0.3381333333333333
distance(normalized): 0.5
distance.avg: 0.01115
distance.variance: 0.0
