AngleInfo:
  mean: 140.8695652173913
Entropy: 0.08354324437641648
MapSize: 5780.0
MaxEntropy: 2.321928094887362
NumObs_Cv2: 20
OccupancyRatio: 0.503356401384083
distance(normalized): 0.6
distance.avg: 0.01021
distance.variance: 5.46e-06
