AngleInfo:
  mean: 180.0
Entropy: 0.015690354733216512
MapSize: 1250.0
MaxEntropy: 2.321928094887362
NumObs_Cv2: 2
OccupancyRatio: 0.20799999999999996
distance(normalized): []
distance.avg: null
distance.variance: []
