AngleInfo:
  mean: 112.5
Entropy: 0.014135565425161612
MapSize: 1250.0
MaxEntropy: 2.321928094887362
NumObs_Cv2: 14
OccupancyRatio: 0.40759999999999996
distance(normalized): 0.6
distance.avg: 0.01998
distance.variance: 1.0e-05
