AngleInfo:
  mean: 240.0
Entropy: 0.17507333093018132
MapSize: 4500.0
MaxEntropy: 2.321928094887362
NumObs_Cv2: 3
OccupancyRatio: 0.4053777777777777
distance(normalized): 0.7
distance.avg: 0.00452
distance.variance: 0.0
