AngleInfo:
  mean: 180.0
Entropy: 0.08180186142035073
MapSize: 5780.0
MaxEntropy: 2.321928094887362
NumObs_Cv2: 4
OccupancyRatio: 0.5370588235294118
distance(normalized): 0.5
distance.avg: 0.00562
distance.variance: 1.211e-06
