AngleInfo:
  mean: 154.28571428571428
Entropy: 0.011665664350610035
MapSize: 1250.0
MaxEntropy: 2.321928094887362
NumObs_Cv2: 6
OccupancyRatio: 0.506
distance(normalized): 0.7
distance.avg: 0.03824
distance.variance: 9.0e-05
