AngleInfo:
  mean: 270.0
Entropy: 0.01239904129932589
MapSize: 1250.0
MaxEntropy: 2.321928094887362
NumObs_Cv2: 6
OccupancyRatio: 0.4436
distance(normalized): 0.7
distance.avg: 0.01206
distance.variance: 1.0e-05
