AngleInfo:
  mean: 240.0
Entropy: 0.014471560656633208
MapSize: 1250.0
MaxEntropy: 2.321928094887362
NumObs_Cv2: 4
OccupancyRatio: 0.32920000000000005
distance(normalized): 0.5
distance.avg: 0.00789
distance.variance: 0.0
