AngleInfo:
  mean: 360.0
Entropy: 0.01228176308018266
MapSize: 1250.0
MaxEntropy: 2.321928094887362
NumObs_Cv2: 2
OccupancyRatio: 0.40559999999999996
distance(normalized): 1.0
distance.avg: 0.0038
distance.variance: 0.0
