AngleInfo:
  mean: 267.7685950413223
Entropy: 0.08433253433835018
MapSize: 8120.0
MaxEntropy: 2.321928094887362
NumObs_Cv2: 43
OccupancyRatio: 0.12142857142857144
distance(normalized): 0.5
distance.avg: 0.01497
distance.variance: 1.0e-05
