AngleInfo:
  mean: 205.71428571428572
Entropy: 0.011819083527515645
MapSize: 1250.0
MaxEntropy: 2.321928094887362
NumObs_Cv2: 8
OccupancyRatio: 0.4992
distance(normalized): 0.2
distance.avg: 0.01698
distance.variance: 1.0e-05
