AngleInfo:
  mean: 293.8775510204082
Entropy: 0.07921867496674066
MapSize: 5780.0
MaxEntropy: 2.321928094887362
NumObs_Cv2: 14
OccupancyRatio: 0.5426297577854671
distance(normalized): 0.6
distance.avg: 0.01056
distance.variance: 4.197e-06
