AngleInfo:
  mean: 303.1578947368421
Entropy: 0.013902549948562907
MapSize: 1250.0
MaxEntropy: 2.321928094887362
NumObs_Cv2: 9
OccupancyRatio: 0.3788
distance(normalized): 0.6
distance.avg: 0.01517
distance.variance: 2.0e-05
