AngleInfo:
  mean: 102.85714285714286
Entropy: 0.016096533092526514
MapSize: 1250.0
MaxEntropy: 2.321928094887362
NumObs_Cv2: 12
OccupancyRatio: 0.17600000000000005
distance(normalized): 0.4
distance.avg: 0.01097
distance.variance: 1.0e-05
