AngleInfo:
  mean: 266.6666666666667
Entropy: 0.05959013910367675
MapSize: 3442.5
MaxEntropy: 2.321928094887362
NumObs_Cv2: 17
OccupancyRatio: 0.3077705156136529
distance(normalized): 0.6
distance.avg: 0.01135
distance.variance: 1.0e-05
