AngleInfo:
  mean: 180.0
Entropy: 0.015989314599506217
MapSize: 1250.0
MaxEntropy: 2.321928094887362
NumObs_Cv2: 2
OccupancyRatio: 0.21120000000000005
distance(normalized): []
distance.avg: null
distance.variance: []
