AngleInfo:
  mean: 110.76923076923077
Entropy: 0.014549023750669547
MapSize: 1250.0
MaxEntropy: 2.321928094887362
NumObs_Cv2: 13
OccupancyRatio: 0.37760000000000005
distance(normalized): 0.5
distance.avg: 0.01073
distance.variance: 0.0
