AngleInfo:
  mean: 196.36363636363637
Entropy: 0.01606819285781836
MapSize: 1250.0
MaxEntropy: 2.321928094887362
NumObs_Cv2: 16
OccupancyRatio: 0.17359999999999998
distance(normalized): 0.5
distance.avg: 0.01266
distance.variance: 1.0e-05
