AngleInfo:
  mean: 272.12598425196853
Entropy: 0.09101459257623364
MapSize: 8073.0
MaxEntropy: 2.321928094887362
NumObs_Cv2: 56
OccupancyRatio: 0.1813452248234857
distance(normalized): 0.5
distance.avg: 0.01347
distance.variance: 1.0e-05
