AngleInfo:
  mean: 336.0
Entropy: 0.05452566079000655
MapSize: 5661.0
MaxEntropy: 2.321928094887362
NumObs_Cv2: 11
OccupancyRatio: 0.5031796502384738
distance(normalized): 0.5
distance.avg: 0.03309
distance.variance: 1.0e-05
