AngleInfo:
  mean: 180.0
Entropy: 0.07982924681751159
MapSize: 4500.0
MaxEntropy: 2.321928094887362
NumObs_Cv2: 6
OccupancyRatio: 0.3747555555555555
distance(normalized): 0.3
distance.avg: 0.00607
distance.variance: 0.0
