AngleInfo:
  mean: 66.97674418604652
Entropy: 0.06100881010570115
MapSize: 4806.0
MaxEntropy: 2.321928094887362
NumObs_Cv2: 39
OccupancyRatio: 0.3061797752808989
distance(normalized): 0.5
distance.avg: 0.01591
distance.variance: 1.0e-05
