AngleInfo:
  mean: 267.7685950413223
Entropy: 0.06341730433170736
MapSize: 6490.0
MaxEntropy: 2.321928094887362
NumObs_Cv2: 52
OccupancyRatio: 0.23243451463790443
distance(normalized): 0.5
distance.avg: 0.01489
distance.variance: 1.0e-05
