AngleInfo:
  mean: 130.9090909090909
Entropy: 0.014301303439338175
MapSize: 1250.0
MaxEntropy: 2.321928094887362
NumObs_Cv2: 9
OccupancyRatio: 0.3388
distance(normalized): 0.3
distance.avg: 0.01356
distance.variance: 1.0e-05
