AngleInfo:
  mean: 75.78947368421052
Entropy: 0.01578191165131259
MapSize: 1250.0
MaxEntropy: 2.321928094887362
NumObs_Cv2: 17
OccupancyRatio: 0.21719999999999995
distance(normalized): 0.5
distance.avg: 0.01314
distance.variance: 1.0e-05
