AngleInfo:
  mean: 261.8181818181818
Entropy: 0.2300164228732243
MapSize: 4500.0
MaxEntropy: 2.321928094887362
NumObs_Cv2: 5
OccupancyRatio: 0.4252444444444444
distance(normalized): 0.2
distance.avg: 0.00467
distance.variance: 0.0
