AngleInfo:
  mean: 120.0
Entropy: 0.07475490145923981
MapSize: 5780.0
MaxEntropy: 2.321928094887362
NumObs_Cv2: 6
OccupancyRatio: 0.5525259515570935
distance(normalized): 0.3
distance.avg: 0.00438
distance.variance: 1.08e-07
