AngleInfo:
  mean: 170.52631578947367
Entropy: 0.195723298400932
MapSize: 4500.0
MaxEntropy: 2.321928094887362
NumObs_Cv2: 14
OccupancyRatio: 0.4170222222222222
distance(normalized): 0.4
distance.avg: 0.0102
distance.variance: 0.0
