AngleInfo:
  mean: 127.05882352941177
Entropy: 0.08027185789190507
MapSize: 5780.0
MaxEntropy: 2.321928094887362
NumObs_Cv2: 14
OccupancyRatio: 0.5461245674740485
distance(normalized): 0.4
distance.avg: 0.00956
distance.variance: 3.916e-06
