AngleInfo:
  mean: 170.52631578947367
Entropy: 0.014723680457177514
MapSize: 1250.0
MaxEntropy: 2.321928094887362
NumObs_Cv2: 16
OccupancyRatio: 0.3356
distance(normalized): 0.4
distance.avg: 0.01347
distance.variance: 0.0
