AngleInfo:
  mean: 294.54545454545456
Entropy: 0.01218490595224171
MapSize: 1250.0
MaxEntropy: 2.321928094887362
NumObs_Cv2: 5
OccupancyRatio: 0.4356
distance(normalized): 0.4
distance.avg: 0.01396
distance.variance: 0.0
