AngleInfo:
  mean: 308.57142857142856
Entropy: 0.01182623014173248
MapSize: 1250.0
MaxEntropy: 2.321928094887362
NumObs_Cv2: 6
OccupancyRatio: 0.46440000000000003
distance(normalized): 0.5
distance.avg: 0.01347
distance.variance: 1.0e-05
