AngleInfo:
  mean: 120.0
Entropy: 0.014326362532927527
MapSize: 1250.0
MaxEntropy: 2.321928094887362
NumObs_Cv2: 4
OccupancyRatio: 0.3296
distance(normalized): 0.2
distance.avg: 0.00723
distance.variance: 0.0
