AngleInfo:
  mean: 240.0
Entropy: 0.015173419932305034
MapSize: 1250.0
MaxEntropy: 2.321928094887362
NumObs_Cv2: 6
OccupancyRatio: 0.248
distance(normalized): 0.3
distance.avg: 0.00941
distance.variance: 0.0
