AngleInfo:
  mean: 180.0
Entropy: 0.064464615073443
MapSize: 5780.0
MaxEntropy: 2.321928094887362
NumObs_Cv2: 4
OccupancyRatio: 0.6593425605536332
distance(normalized): 0.5
distance.avg: 0.00161
distance.variance: 9.2e-08
