AngleInfo:
  mean: 293.8775510204082
Entropy: 0.060493428085176666
MapSize: 6696.0
MaxEntropy: 2.321928094887362
NumObs_Cv2: 15
OccupancyRatio: 0.4950716845878136
distance(normalized): 0.4
distance.avg: 0.0093
distance.variance: 0.0
