AngleInfo:
  mean: 186.92307692307693
Entropy: 0.06295897996298216
MapSize: 4848.0
MaxEntropy: 2.321928094887362
NumObs_Cv2: 36
OccupancyRatio: 0.25907590759075905
distance(normalized): 0.5
distance.avg: 0.01344
distance.variance: 0.0
