AngleInfo:
  mean: 120.0
Entropy: 0.015747158397027877
MapSize: 1250.0
MaxEntropy: 2.321928094887362
NumObs_Cv2: 16
OccupancyRatio: 0.21599999999999997
distance(normalized): 0.6
distance.avg: 0.01136
distance.variance: 1.0e-05
