AngleInfo:
  mean: 259.2
Entropy: 0.09376188697318656
MapSize: 8325.0
MaxEntropy: 2.321928094887362
NumObs_Cv2: 53
OccupancyRatio: 0.15717717717717716
distance(normalized): 0.5
distance.avg: 0.01598
distance.variance: 1.0e-05
