AngleInfo:
  mean: 120.0
Entropy: 0.01317200899335101
MapSize: 1250.0
MaxEntropy: 2.321928094887362
NumObs_Cv2: 3
OccupancyRatio: 0.3944
distance(normalized): 1.0
distance.avg: 0.00876
distance.variance: 0.0
