AngleInfo:
  mean: 305.08474576271186
Entropy: 0.08395610770380937
MapSize: 5780.0
MaxEntropy: 2.321928094887362
NumObs_Cv2: 16
OccupancyRatio: 0.5193079584775087
distance(normalized): 0.6
distance.avg: 0.01032
distance.variance: 3.995e-06
