AngleInfo:
  mean: 114.54545454545455
Entropy: 0.06638314252711972
MapSize: 4316.5
MaxEntropy: 2.321928094887362
NumObs_Cv2: 22
OccupancyRatio: 0.29630487663616356
distance(normalized): 0.5
distance.avg: 0.01129
distance.variance: 0.0
