AngleInfo:
  mean: 274.90909090909093
Entropy: 0.0482763326153944
MapSize: 4800.0
MaxEntropy: 2.321928094887362
NumObs_Cv2: 31
OccupancyRatio: 0.28552083333333333
distance(normalized): 0.6
distance.avg: 0.01705
distance.variance: 1.0e-05
