AngleInfo:
  mean: 90.0
Entropy: 0.015362629351931086
MapSize: 1250.0
MaxEntropy: 2.321928094887362
NumObs_Cv2: 4
OccupancyRatio: 0.23839999999999995
distance(normalized): 0.5
distance.avg: 0.00894
distance.variance: 0.0
