AngleInfo:
  mean: 270.0
Entropy: 0.011749273339979027
MapSize: 1250.0
MaxEntropy: 2.321928094887362
NumObs_Cv2: 11
OccupancyRatio: 0.5087999999999999
distance(normalized): 0.5
distance.avg: 0.40763
distance.variance: 0.00411
