AngleInfo:
  mean: 311.46067415730334
Entropy: 0.16876330648670684
MapSize: 4500.0
MaxEntropy: 2.321928094887362
NumObs_Cv2: 22
OccupancyRatio: 0.278
distance(normalized): 0.5
distance.avg: 0.32742
distance.variance: 0.00455
