AngleInfo:
  mean: 254.11764705882354
Entropy: 0.07721460325405502
MapSize: 5780.0
MaxEntropy: 2.321928094887362
NumObs_Cv2: 14
OccupancyRatio: 0.5826989619377163
distance(normalized): 0.4
distance.avg: 0.00853
distance.variance: 1.08e-06
