AngleInfo:
  mean: 270.0
Entropy: 0.014999515393906076
MapSize: 1250.0
MaxEntropy: 2.321928094887362
NumObs_Cv2: 6
OccupancyRatio: 0.30079999999999996
distance(normalized): 0.3
distance.avg: 0.01017
distance.variance: 0.0
