AngleInfo:
  mean: 241.7910447761194
Entropy: 0.06421908167708619
MapSize: 4945.0
MaxEntropy: 2.321928094887362
NumObs_Cv2: 34
OccupancyRatio: 0.20293225480283117
distance(normalized): 0.6
distance.avg: 0.01221
distance.variance: 1.0e-05
