AngleInfo:
  mean: 332.3076923076923
Entropy: 0.08140480185286228
MapSize: 5780.0
MaxEntropy: 2.321928094887362
NumObs_Cv2: 13
OccupancyRatio: 0.5406920415224914
distance(normalized): 0.8
distance.avg: 0.0126
distance.variance: 6.185e-06
