AngleInfo:
  mean: 337.02127659574467
Entropy: 0.11315586599945623
MapSize: 4500.0
MaxEntropy: 2.321928094887362
NumObs_Cv2: 15
OccupancyRatio: 0.41004444444444443
distance(normalized): 0.7
distance.avg: 0.01283
distance.variance: 1.0e-05
