AngleInfo:
  mean: 259.2
Entropy: 0.08039880538619737
MapSize: 6825.0
MaxEntropy: 2.321928094887362
NumObs_Cv2: 54
OccupancyRatio: 0.1998534798534799
distance(normalized): 0.5
distance.avg: 0.01335
distance.variance: 0.0
