AngleInfo:
  mean: 316.0975609756098
Entropy: 0.16721860523291368
MapSize: 4500.0
MaxEntropy: 2.321928094887362
NumObs_Cv2: 12
OccupancyRatio: 0.36511111111111116
distance(normalized): 0.4
distance.avg: 0.0223
distance.variance: 2.0e-05
