AngleInfo:
  mean: 202.5
Entropy: 0.014632182326232972
MapSize: 1250.0
MaxEntropy: 2.321928094887362
NumObs_Cv2: 12
OccupancyRatio: 0.35640000000000005
distance(normalized): 0.6
distance.avg: 0.01125
distance.variance: 1.0e-05
