AngleInfo:
  mean: 180.0
Entropy: 0.01328354848283701
MapSize: 1250.0
MaxEntropy: 2.321928094887362
NumObs_Cv2: 2
OccupancyRatio: 0.34519999999999995
distance(normalized): []
distance.avg: null
distance.variance: []
