AngleInfo:
  mean: 240.0
Entropy: 0.043076555422431
MapSize: 4312.0
MaxEntropy: 2.321928094887362
NumObs_Cv2: 19
OccupancyRatio: 0.2934833024118738
distance(normalized): 0.6
distance.avg: 0.01227
distance.variance: 0.0
