AngleInfo:
  mean: 190.9090909090909
Entropy: 0.07772748955673217
MapSize: 5142.5
MaxEntropy: 2.321928094887362
NumObs_Cv2: 41
OccupancyRatio: 0.20418084589207586
distance(normalized): 0.6
distance.avg: 0.01666
distance.variance: 1.0e-05
