AngleInfo:
  mean: 100.0
Entropy: 0.04093042543586913
MapSize: 4100.0
MaxEntropy: 2.321928094887362
NumObs_Cv2: 20
OccupancyRatio: 0.3095121951219513
distance(normalized): 0.5
distance.avg: 0.01257
distance.variance: 1.0e-05
