AngleInfo:
  mean: 291.8918918918919
Entropy: 0.09083854775507878
MapSize: 5780.0
MaxEntropy: 2.321928094887362
NumObs_Cv2: 15
OccupancyRatio: 0.4530795847750865
distance(normalized): 0.4
distance.avg: 0.0135
distance.variance: 4.532e-06
