AngleInfo:
  mean: 233.51351351351352
Entropy: 0.09060827177266297
MapSize: 6630.5
MaxEntropy: 2.321928094887362
NumObs_Cv2: 40
OccupancyRatio: 0.18218837191765325
distance(normalized): 0.7
distance.avg: 0.01958
distance.variance: 2.0e-05
