AngleInfo:
  mean: 120.0
Entropy: 0.015510910900975068
MapSize: 1250.0
MaxEntropy: 2.321928094887362
NumObs_Cv2: 12
OccupancyRatio: 0.25360000000000005
distance(normalized): 0.3
distance.avg: 0.01399
distance.variance: 1.0e-05
