AngleInfo:
  mean: 261.8181818181818
Entropy: 0.014711644414757082
MapSize: 1250.0
MaxEntropy: 2.321928094887362
NumObs_Cv2: 14
OccupancyRatio: 0.3176
distance(normalized): 0.5
distance.avg: 0.01386
distance.variance: 1.0e-05
