AngleInfo:
  mean: 270.0
Entropy: 0.013617403524215553
MapSize: 1250.0
MaxEntropy: 2.321928094887362
NumObs_Cv2: 5
OccupancyRatio: 0.3224
distance(normalized): 0.4
distance.avg: 0.01183
distance.variance: 0.0
