AngleInfo:
  mean: 90.0
Entropy: 0.015046432672830385
MapSize: 1250.0
MaxEntropy: 2.321928094887362
NumObs_Cv2: 6
OccupancyRatio: 0.29359999999999997
distance(normalized): 0.3
distance.avg: 0.00828
distance.variance: 0.0
