AngleInfo:
  mean: 360.0
Entropy: 0.02040871332129927
MapSize: 5780.0
MaxEntropy: 2.321928094887362
NumObs_Cv2: 1
OccupancyRatio: 0.9151557093425605
distance(normalized): []
distance.avg: null
distance.variance: []
