AngleInfo:
  mean: 360.0
Entropy: 0.015405610387872623
MapSize: 1250.0
MaxEntropy: 2.321928094887362
NumObs_Cv2: 2
OccupancyRatio: 0.23960000000000004
distance(normalized): 1.0
distance.avg: 0.01328
distance.variance: 0.0
