AngleInfo:
  mean: 160.0
Entropy: 0.012904299947856076
MapSize: 1250.0
MaxEntropy: 2.321928094887362
NumObs_Cv2: 7
OccupancyRatio: 0.42200000000000004
distance(normalized): 0.6
distance.avg: 0.00835
distance.variance: 0.0
