AngleInfo:
  mean: 90.0
Entropy: 0.01225704933448676
MapSize: 1250.0
MaxEntropy: 2.321928094887362
NumObs_Cv2: 4
OccupancyRatio: 0.406
distance(normalized): 1.0
distance.avg: 0.00677
distance.variance: 0.0
