AngleInfo:
  mean: 285.2830188679245
Entropy: 0.05412981109555149
MapSize: 4050.0
MaxEntropy: 2.321928094887362
NumObs_Cv2: 18
OccupancyRatio: 0.27814814814814814
distance(normalized): 0.6
distance.avg: 0.0353
distance.variance: 2.0e-05
