AngleInfo:
  mean: 320.0
Entropy: 0.012544940369737337
MapSize: 1250.0
MaxEntropy: 2.321928094887362
NumObs_Cv2: 4
OccupancyRatio: 0.4588
distance(normalized): 0.2
distance.avg: 0.01638
distance.variance: 0.0
