AngleInfo:
  mean: 180.0
Entropy: 0.07652881079725316
MapSize: 6541.5
MaxEntropy: 2.321928094887362
NumObs_Cv2: 15
OccupancyRatio: 0.420545746388443
distance(normalized): 0.7
distance.avg: 0.0233
distance.variance: 2.0e-05
