AngleInfo:
  mean: 90.0
Entropy: 0.014113368801926698
MapSize: 1250.0
MaxEntropy: 2.321928094887362
NumObs_Cv2: 4
OccupancyRatio: 0.2872
distance(normalized): 0.5
distance.avg: 0.0041
distance.variance: 0.0
