AngleInfo:
  mean: 205.71428571428572
Entropy: 0.1158263704722958
MapSize: 4500.0
MaxEntropy: 2.321928094887362
NumObs_Cv2: 6
OccupancyRatio: 0.6203555555555555
distance(normalized): 0.8
distance.avg: 0.01535
distance.variance: 2.0e-05
