AngleInfo:
  mean: 180.0
Entropy: 0.05717088201146065
MapSize: 5780.0
MaxEntropy: 2.321928094887362
NumObs_Cv2: 6
OccupancyRatio: 0.7044290657439447
distance(normalized): 0.7
distance.avg: 0.01056
distance.variance: 7.3e-08
