AngleInfo:
  mean: 180.0
Entropy: 0.011640282055454686
MapSize: 1250.0
MaxEntropy: 2.321928094887362
NumObs_Cv2: 5
OccupancyRatio: 0.49160000000000004
distance(normalized): 0.4
distance.avg: 0.01185
distance.variance: 1.0e-05
