AngleInfo:
  mean: 120.0
Entropy: 0.014068988128719808
MapSize: 1250.0
MaxEntropy: 2.321928094887362
NumObs_Cv2: 7
OccupancyRatio: 0.3296
distance(normalized): 0.7
distance.avg: 0.01158
distance.variance: 0.0
