AngleInfo:
  mean: 108.0
Entropy: 0.014785616756896993
MapSize: 1250.0
MaxEntropy: 2.321928094887362
NumObs_Cv2: 9
OccupancyRatio: 0.3056
distance(normalized): 0.6
distance.avg: 0.00932
distance.variance: 0.0
