AngleInfo:
  mean: 120.0
Entropy: 0.012992679083537751
MapSize: 1250.0
MaxEntropy: 2.321928094887362
NumObs_Cv2: 4
OccupancyRatio: 0.41359999999999997
distance(normalized): 0.8
distance.avg: 0.00804
distance.variance: 0.0
