AngleInfo:
  mean: 225.0
Entropy: 0.014477718824148184
MapSize: 1250.0
MaxEntropy: 2.321928094887362
NumObs_Cv2: 13
OccupancyRatio: 0.3044
distance(normalized): 0.4
distance.avg: 0.01257
distance.variance: 0.0
