AngleInfo:
  mean: 332.7731092436975
Entropy: 0.25372024500460566
MapSize: 4500.0
MaxEntropy: 2.321928094887362
NumObs_Cv2: 18
OccupancyRatio: 0.37577777777777777
distance(normalized): 0.6
distance.avg: 0.0154
distance.variance: 1.0e-05
