AngleInfo:
  mean: 332.7731092436975
Entropy: 0.08281800656154653
MapSize: 5780.0
MaxEntropy: 2.321928094887362
NumObs_Cv2: 16
OccupancyRatio: 0.5140138408304498
distance(normalized): 0.5
distance.avg: 0.01372
distance.variance: 6.199e-06
