AngleInfo:
  mean: 272.4324324324324
Entropy: 0.05767405097226843
MapSize: 4545.0
MaxEntropy: 2.321928094887362
NumObs_Cv2: 20
OccupancyRatio: 0.3020902090209021
distance(normalized): 0.6
distance.avg: 0.13578
distance.variance: 0.00042
