AngleInfo:
  mean: 83.07692307692308
Entropy: 0.08037214612103183
MapSize: 6955.0
MaxEntropy: 2.321928094887362
NumObs_Cv2: 45
OccupancyRatio: 0.22242990654205608
distance(normalized): 0.6
distance.avg: 0.0129
distance.variance: 1.0e-05
