AngleInfo:
  mean: 218.1818181818182
Entropy: 0.5511433470347203
MapSize: 4500.0
MaxEntropy: 2.321928094887362
NumObs_Cv2: 16
OccupancyRatio: 0.4470222222222222
distance(normalized): 0.7
distance.avg: 0.01119
distance.variance: 1.0e-05
