AngleInfo:
  mean: 247.5
Entropy: 0.06716487404729206
MapSize: 5082.0
MaxEntropy: 2.321928094887362
NumObs_Cv2: 42
OccupancyRatio: 0.2015938606847698
distance(normalized): 0.6
distance.avg: 0.01153
distance.variance: 0.0
