AngleInfo:
  mean: 325.16129032258067
Entropy: 0.050259761826986944
MapSize: 6298.0
MaxEntropy: 2.321928094887362
NumObs_Cv2: 11
OccupancyRatio: 0.44212448396316295
distance(normalized): 0.6
distance.avg: 0.00716
distance.variance: 0.0
