AngleInfo:
  mean: 330.0
Entropy: 0.06088164517248288
MapSize: 7888.0
MaxEntropy: 2.321928094887362
NumObs_Cv2: 17
OccupancyRatio: 0.4388311359026369
distance(normalized): 0.6
distance.avg: 0.01605
distance.variance: 1.0e-05
