AngleInfo:
  mean: 177.88235294117646
Entropy: 0.10829916508482859
MapSize: 9842.0
MaxEntropy: 2.321928094887362
NumObs_Cv2: 56
OccupancyRatio: 0.1415870757976021
distance(normalized): 0.5
distance.avg: 0.01375
distance.variance: 1.0e-05
