AngleInfo:
  mean: 225.0
Entropy: 0.0499076291201149
MapSize: 6020.0
MaxEntropy: 2.321928094887362
NumObs_Cv2: 16
OccupancyRatio: 0.4221760797342192
distance(normalized): 0.4
distance.avg: 0.01071
distance.variance: 0.0
