AngleInfo:
  mean: 60.0
Entropy: 0.014934758729840826
MapSize: 1250.0
MaxEntropy: 2.321928094887362
NumObs_Cv2: 22
OccupancyRatio: 0.2976
distance(normalized): 0.5
distance.avg: 0.0132
distance.variance: 1.0e-05
