AngleInfo:
  mean: 160.0
Entropy: 0.014180863571225895
MapSize: 1250.0
MaxEntropy: 2.321928094887362
NumObs_Cv2: 9
OccupancyRatio: 0.39280000000000004
distance(normalized): 0.6
distance.avg: 0.07202
distance.variance: 0.00017
