AngleInfo:
  mean: 135.0
Entropy: 0.09185561802909227
MapSize: 5780.0
MaxEntropy: 2.321928094887362
NumObs_Cv2: 18
OccupancyRatio: 0.44352941176470584
distance(normalized): 0.6
distance.avg: 0.01139
distance.variance: 4.449e-06
