AngleInfo:
  mean: 336.6233766233766
Entropy: 0.06887417423472023
MapSize: 7980.0
MaxEntropy: 2.321928094887362
NumObs_Cv2: 15
OccupancyRatio: 0.49122807017543857
distance(normalized): 0.4
distance.avg: 0.01285
distance.variance: 1.0e-05
