AngleInfo:
  mean: 344.3478260869565
Entropy: 0.14687659157838107
MapSize: 4500.0
MaxEntropy: 2.321928094887362
NumObs_Cv2: 8
OccupancyRatio: 0.5924
distance(normalized): 0.4
distance.avg: 0.00954
distance.variance: 0.0
