AngleInfo:
  mean: 240.0
Entropy: 0.2575177472601618
MapSize: 4500.0
MaxEntropy: 2.321928094887362
NumObs_Cv2: 15
OccupancyRatio: 0.4654666666666667
distance(normalized): 0.4
distance.avg: 0.02846
distance.variance: 1.0e-05
