AngleInfo:
  mean: 240.0
Entropy: 0.0761091097065459
MapSize: 5780.0
MaxEntropy: 2.321928094887362
NumObs_Cv2: 15
OccupancyRatio: 0.583840830449827
distance(normalized): 0.5
distance.avg: 0.01007
distance.variance: 2.291e-06
