AngleInfo:
  mean: 120.0
Entropy: 0.0681796139279546
MapSize: 6596.0
MaxEntropy: 2.321928094887362
NumObs_Cv2: 19
OccupancyRatio: 0.3806094602789569
distance(normalized): 0.5
distance.avg: 0.01117
distance.variance: 0.0
