AngleInfo:
  mean: 360.0
Entropy: 0.014316119771927802
MapSize: 1250.0
MaxEntropy: 2.321928094887362
NumObs_Cv2: 2
OccupancyRatio: 0.32399999999999995
distance(normalized): 1.0
distance.avg: 0.01395
distance.variance: 0.0
