AngleInfo:
  mean: 235.51401869158877
Entropy: 0.09716410466703188
MapSize: 8410.0
MaxEntropy: 2.321928094887362
NumObs_Cv2: 51
OccupancyRatio: 0.1347800237812128
distance(normalized): 0.5
distance.avg: 0.01576
distance.variance: 1.0e-05
