AngleInfo:
  mean: 180.0
Entropy: 0.01373994168281383
MapSize: 1250.0
MaxEntropy: 2.321928094887362
NumObs_Cv2: 4
OccupancyRatio: 0.34040000000000004
distance(normalized): 0.5
distance.avg: 0.00761
distance.variance: 0.0
