AngleInfo:
  mean: 247.5
Entropy: 0.07632682743736652
MapSize: 7398.0
MaxEntropy: 2.321928094887362
NumObs_Cv2: 30
OccupancyRatio: 0.35300081103000813
distance(normalized): 0.7
distance.avg: 0.01096
distance.variance: 1.0e-05
