AngleInfo:
  mean: 180.0
Entropy: 0.015592966834437103
MapSize: 1250.0
MaxEntropy: 2.321928094887362
NumObs_Cv2: 4
OccupancyRatio: 0.21760000000000002
distance(normalized): 0.5
distance.avg: 0.00527
distance.variance: 0.0
