AngleInfo:
  mean: 180.0
Entropy: 0.01497557946532161
MapSize: 1250.0
MaxEntropy: 2.321928094887362
NumObs_Cv2: 5
OccupancyRatio: 0.264
distance(normalized): 0.6
distance.avg: 0.0059
distance.variance: 0.0
