AngleInfo:
  mean: 254.11764705882354
Entropy: 0.058570862642180976
MapSize: 4796.0
MaxEntropy: 2.321928094887362
NumObs_Cv2: 16
OccupancyRatio: 0.31984987489574646
distance(normalized): 0.5
distance.avg: 0.01464
distance.variance: 1.0e-05
