AngleInfo:
  mean: 261.8181818181818
Entropy: 0.06253013903496935
MapSize: 5418.0
MaxEntropy: 2.321928094887362
NumObs_Cv2: 20
OccupancyRatio: 0.3469915097822075
distance(normalized): 0.6
distance.avg: 0.01286
distance.variance: 1.0e-05
