AngleInfo:
  mean: 172.17391304347825
Entropy: 0.08794402819111213
MapSize: 5780.0
MaxEntropy: 2.321928094887362
NumObs_Cv2: 18
OccupancyRatio: 0.4845674740484429
distance(normalized): 0.4
distance.avg: 0.01224
distance.variance: 4.042e-06
