AngleInfo:
  mean: 345.6
Entropy: 0.10997003231682086
MapSize: 4500.0
MaxEntropy: 2.321928094887362
NumObs_Cv2: 8
OccupancyRatio: 0.4358222222222222
distance(normalized): 0.5
distance.avg: 0.02236
distance.variance: 2.0e-05
