AngleInfo:
  mean: 307.3170731707317
Entropy: 0.08361196705735424
MapSize: 5780.0
MaxEntropy: 2.321928094887362
NumObs_Cv2: 15
OccupancyRatio: 0.5174048442906574
distance(normalized): 0.5
distance.avg: 0.01147
distance.variance: 7.111e-06
