AngleInfo:
  mean: 288.0
Entropy: 0.08317479845258899
MapSize: 5780.0
MaxEntropy: 2.321928094887362
NumObs_Cv2: 4
OccupancyRatio: 0.5167474048442906
distance(normalized): 1.0
distance.avg: 0.00829
distance.variance: 0.0
