AngleInfo:
  mean: 341.05263157894734
Entropy: 0.22076230791061857
MapSize: 4500.0
MaxEntropy: 2.321928094887362
NumObs_Cv2: 9
OccupancyRatio: 0.47253333333333336
distance(normalized): 0.3
distance.avg: 0.01082
distance.variance: 0.0
