AngleInfo:
  mean: 144.0
Entropy: 0.07281217189261842
MapSize: 5780.0
MaxEntropy: 2.321928094887362
NumObs_Cv2: 8
OccupancyRatio: 0.5893425605536332
distance(normalized): 0.5
distance.avg: 0.00966
distance.variance: 3.291e-06
