AngleInfo:
  mean: 250.43478260869566
Entropy: 0.06944472702350667
MapSize: 4440.5
MaxEntropy: 2.321928094887362
NumObs_Cv2: 34
OccupancyRatio: 0.2660736403558158
distance(normalized): 0.6
distance.avg: 0.01388
distance.variance: 1.0e-05
