AngleInfo:
  mean: 308.57142857142856
Entropy: 0.04894724652957699
MapSize: 5780.0
MaxEntropy: 2.321928094887362
NumObs_Cv2: 4
OccupancyRatio: 0.7583044982698962
distance(normalized): 0.5
distance.avg: 0.00962
distance.variance: 3.655e-06
