AngleInfo:
  mean: 177.53424657534248
Entropy: 0.09436575414310383
MapSize: 9648.0
MaxEntropy: 2.321928094887362
NumObs_Cv2: 44
OccupancyRatio: 0.11634535655058043
distance(normalized): 0.4
distance.avg: 0.01684
distance.variance: 1.0e-05
