AngleInfo:
  mean: 125.21739130434783
Entropy: 0.015576086389368885
MapSize: 1250.0
MaxEntropy: 2.321928094887362
NumObs_Cv2: 18
OccupancyRatio: 0.246
distance(normalized): 0.6
distance.avg: 0.01243
distance.variance: 1.0e-05
