AngleInfo:
  mean: 180.0
Entropy: 0.01245098657312669
MapSize: 1250.0
MaxEntropy: 2.321928094887362
NumObs_Cv2: 2
OccupancyRatio: 0.4232
distance(normalized): 1.0
distance.avg: 0.00045
distance.variance: 0.0
