AngleInfo:
  mean: 294.54545454545456
Entropy: 0.08745330117510992
MapSize: 5780.0
MaxEntropy: 2.321928094887362
NumObs_Cv2: 20
OccupancyRatio: 0.4847058823529412
distance(normalized): 0.5
distance.avg: 0.01076
distance.variance: 4.195e-06
