AngleInfo:
  mean: 344.6808510638298
Entropy: 0.20137679508886266
MapSize: 4500.0
MaxEntropy: 2.321928094887362
NumObs_Cv2: 11
OccupancyRatio: 0.41737777777777774
distance(normalized): 0.5
distance.avg: 0.01032
distance.variance: 1.0e-05
