AngleInfo:
  mean: 48.813559322033896
Entropy: 0.0796266685750106
MapSize: 6745.0
MaxEntropy: 2.321928094887362
NumObs_Cv2: 52
OccupancyRatio: 0.19406968124536694
distance(normalized): 0.5
distance.avg: 0.01624
distance.variance: 1.0e-05
