AngleInfo:
  mean: 144.0
Entropy: 0.014359248149203273
MapSize: 1250.0
MaxEntropy: 2.321928094887362
NumObs_Cv2: 6
OccupancyRatio: 0.36040000000000005
distance(normalized): 0.5
distance.avg: 0.00836
distance.variance: 0.0
