AngleInfo:
  mean: 60.0
Entropy: 0.012963089420970578
MapSize: 1250.0
MaxEntropy: 2.321928094887362
NumObs_Cv2: 6
OccupancyRatio: 0.4052
distance(normalized): 0.7
distance.avg: 0.00693
distance.variance: 0.0
