AngleInfo:
  mean: 261.8181818181818
Entropy: 0.04596895249544659
MapSize: 3654.0
MaxEntropy: 2.321928094887362
NumObs_Cv2: 9
OccupancyRatio: 0.39176245210727967
distance(normalized): 0.6
distance.avg: 0.0088
distance.variance: 0.0
