AngleInfo:
  mean: 169.41176470588235
Entropy: 0.06827264133568177
MapSize: 8201.0
MaxEntropy: 2.321928094887362
NumObs_Cv2: 23
OccupancyRatio: 0.5129252530179247
distance(normalized): 0.6
distance.avg: 0.02508
distance.variance: 3.0e-05
