AngleInfo:
  mean: 120.0
Entropy: 0.014992003587053862
MapSize: 1250.0
MaxEntropy: 2.321928094887362
NumObs_Cv2: 4
OccupancyRatio: 0.27280000000000004
distance(normalized): 0.8
distance.avg: 0.00878
distance.variance: 0.0
