AngleInfo:
  mean: 227.3684210526316
Entropy: 0.055679382076601745
MapSize: 5650.0
MaxEntropy: 2.321928094887362
NumObs_Cv2: 19
OccupancyRatio: 0.4721238938053097
distance(normalized): 0.5
distance.avg: 0.01099
distance.variance: 0.0
