AngleInfo:
  mean: 75.48387096774194
Entropy: 0.09636274316146992
MapSize: 9936.0
MaxEntropy: 2.321928094887362
NumObs_Cv2: 60
OccupancyRatio: 0.1342089371980676
distance(normalized): 0.6
distance.avg: 0.01435
distance.variance: 1.0e-05
