AngleInfo:
  mean: 360.0
Entropy: 0.013399875635418624
MapSize: 1250.0
MaxEntropy: 2.321928094887362
NumObs_Cv2: 2
OccupancyRatio: 0.38160000000000005
distance(normalized): 1.0
distance.avg: 0.007
distance.variance: 0.0
