AngleInfo:
  mean: 54.78260869565217
Entropy: 0.0679722684839693
MapSize: 5166.0
MaxEntropy: 2.321928094887362
NumObs_Cv2: 38
OccupancyRatio: 0.20238095238095233
distance(normalized): 0.6
distance.avg: 0.01838
distance.variance: 1.0e-05
