AngleInfo:
  mean: 240.0
Entropy: 0.05761473557553542
MapSize: 7434.0
MaxEntropy: 2.321928094887362
NumObs_Cv2: 26
OccupancyRatio: 0.4429647565240785
distance(normalized): 0.6
distance.avg: 0.01227
distance.variance: 1.0e-05
