AngleInfo:
  mean: 80.0
Entropy: 0.016081625832463746
MapSize: 1250.0
MaxEntropy: 2.321928094887362
NumObs_Cv2: 17
OccupancyRatio: 0.1784
distance(normalized): 0.5
distance.avg: 0.01194
distance.variance: 1.0e-05
