AngleInfo:
  mean: 267.21649484536084
Entropy: 0.06470587276980234
MapSize: 4929.0
MaxEntropy: 2.321928094887362
NumObs_Cv2: 40
OccupancyRatio: 0.18725907892067362
distance(normalized): 0.5
distance.avg: 0.01592
distance.variance: 1.0e-05
