AngleInfo:
  mean: 360.0
Entropy: 0.06238903005608379
MapSize: 4500.0
MaxEntropy: 2.321928094887362
NumObs_Cv2: 1
OccupancyRatio: 0.7971111111111111
distance(normalized): []
distance.avg: null
distance.variance: []
