AngleInfo:
  mean: 294.54545454545456
Entropy: 0.014053125129470455
MapSize: 1250.0
MaxEntropy: 2.321928094887362
NumObs_Cv2: 6
OccupancyRatio: 0.2952
distance(normalized): 0.5
distance.avg: 0.01473
distance.variance: 0.0
