collision_rate: 0.05714285714285714
episode_duration: 134.82857142857142
success_rate: 0.7714285714285715
