size_dynamic_obs_0: 0.40806097612284237
size_dynamic_obs_1: 0.28819764543331555
size_dynamic_obs_10: 0.0
size_dynamic_obs_11: 0.0
size_dynamic_obs_12: 0.0
size_dynamic_obs_13: 0.0
size_dynamic_obs_14: 0.0
size_dynamic_obs_2: 0.2796741471551768
size_dynamic_obs_3: 0.3452220305386273
size_dynamic_obs_4: 0.43523473379697847
size_dynamic_obs_5: 0.0
size_dynamic_obs_6: 0.0
size_dynamic_obs_7: 0.0
size_dynamic_obs_8: 0.0
size_dynamic_obs_9: 0.0
size_static_obs_0: 0.0
size_static_obs_1: 0.0
size_static_obs_10: 0.0
size_static_obs_11: 0.0
size_static_obs_12: 0.0
size_static_obs_13: 0.0
size_static_obs_14: 0.0
size_static_obs_2: 0.0
size_static_obs_3: 0.0
size_static_obs_4: 0.0
size_static_obs_5: 0.0
size_static_obs_6: 0.0
size_static_obs_7: 0.0
size_static_obs_8: 0.0
size_static_obs_9: 0.0
speed_dynamic_obs_0: 0.196133496465412
speed_dynamic_obs_1: 0.196133496465412
speed_dynamic_obs_10: 0.0
speed_dynamic_obs_11: 0.0
speed_dynamic_obs_12: 0.0
speed_dynamic_obs_13: 0.0
speed_dynamic_obs_14: 0.0
speed_dynamic_obs_2: 0.196133496465412
speed_dynamic_obs_3: 0.196133496465412
speed_dynamic_obs_4: 0.196133496465412
speed_dynamic_obs_5: 0.0
speed_dynamic_obs_6: 0.0
speed_dynamic_obs_7: 0.0
speed_dynamic_obs_8: 0.0
speed_dynamic_obs_9: 0.0
