AngleInfo:
  mean: 360.0
Entropy: 0.045489448748308174
MapSize: 4500.0
MaxEntropy: 2.321928094887362
NumObs_Cv2: 2
OccupancyRatio: 0.8910222222222222
distance(normalized): 1.0
distance.avg: 0.01023
distance.variance: 0.0
