AngleInfo:
  mean: 180.0
Entropy: 0.013593696194627239
MapSize: 1250.0
MaxEntropy: 2.321928094887362
NumObs_Cv2: 3
OccupancyRatio: 0.33999999999999997
distance(normalized): 1.0
distance.avg: 0.00815
distance.variance: 0.0
