AngleInfo:
  mean: 257.14285714285717
Entropy: 0.0990138047385875
MapSize: 4500.0
MaxEntropy: 2.321928094887362
NumObs_Cv2: 13
OccupancyRatio: 0.4169777777777778
distance(normalized): 0.5
distance.avg: 0.01332
distance.variance: 1.0e-05
