AngleInfo:
  mean: 164.57142857142858
Entropy: 0.057825224666347576
MapSize: 4263.0
MaxEntropy: 2.321928094887362
NumObs_Cv2: 27
OccupancyRatio: 0.24126202205019942
distance(normalized): 0.6
distance.avg: 0.01213
distance.variance: 0.0
