AngleInfo:
  mean: 218.9189189189189
Entropy: 0.07399973600625133
MapSize: 5989.0
MaxEntropy: 2.321928094887362
NumObs_Cv2: 40
OccupancyRatio: 0.17732509600935042
distance(normalized): 0.5
distance.avg: 0.01484
distance.variance: 1.0e-05
