AngleInfo:
  mean: 180.0
Entropy: 0.07982924681751159
MapSize: 5780.0
MaxEntropy: 2.321928094887362
NumObs_Cv2: 6
OccupancyRatio: 0.5132179930795848
distance(normalized): 0.3
distance.avg: 0.00607
distance.variance: 1.096e-06
