AngleInfo:
  mean: 225.0
Entropy: 0.15767105101730383
MapSize: 4500.0
MaxEntropy: 2.321928094887362
NumObs_Cv2: 6
OccupancyRatio: 0.5298666666666667
distance(normalized): 0.7
distance.avg: 0.00669
distance.variance: 0.0
