AngleInfo:
  mean: 180.0
Entropy: 0.01401249128710741
MapSize: 1250.0
MaxEntropy: 2.321928094887362
NumObs_Cv2: 4
OccupancyRatio: 0.3376
distance(normalized): 0.5
distance.avg: 0.00946
distance.variance: 0.0
