AngleInfo:
  mean: 124.13793103448276
Entropy: 0.08273646143570394
MapSize: 7329.5
MaxEntropy: 2.321928094887362
NumObs_Cv2: 32
OccupancyRatio: 0.40534825022170684
distance(normalized): 0.6
distance.avg: 0.01091
distance.variance: 0.0
