AngleInfo:
  mean: 278.7096774193548
Entropy: 0.06568294845712147
MapSize: 6292.0
MaxEntropy: 2.321928094887362
NumObs_Cv2: 27
OccupancyRatio: 0.39582008900190724
distance(normalized): 0.5
distance.avg: 0.01383
distance.variance: 1.0e-05
