AngleInfo:
  mean: 276.16438356164383
Entropy: 0.08453115294158287
MapSize: 4500.0
MaxEntropy: 2.321928094887362
NumObs_Cv2: 19
OccupancyRatio: 0.3614222222222222
distance(normalized): 0.5
distance.avg: 0.01221
distance.variance: 1.0e-05
