AngleInfo:
  mean: 276.16438356164383
Entropy: 0.08453115294158287
MapSize: 5780.0
MaxEntropy: 2.321928094887362
NumObs_Cv2: 19
OccupancyRatio: 0.5028373702422145
distance(normalized): 0.5
distance.avg: 0.01223
distance.variance: 6.546e-06
