AngleInfo:
  mean: 180.0
Entropy: 0.015036420466694954
MapSize: 1250.0
MaxEntropy: 2.321928094887362
NumObs_Cv2: 9
OccupancyRatio: 0.31000000000000005
distance(normalized): 0.4
distance.avg: 0.00882
distance.variance: 0.0
