AngleInfo:
  mean: 264.0
Entropy: 0.058269889425579154
MapSize: 5544.0
MaxEntropy: 2.321928094887362
NumObs_Cv2: 33
OccupancyRatio: 0.24837662337662336
distance(normalized): 0.5
distance.avg: 0.01274
distance.variance: 0.0
