AngleInfo:
  mean: 165.0
Entropy: 0.08106002917167601
MapSize: 5780.0
MaxEntropy: 2.321928094887362
NumObs_Cv2: 17
OccupancyRatio: 0.5519377162629757
distance(normalized): 0.6
distance.avg: 0.01255
distance.variance: 7.683e-06
