AngleInfo:
  mean: 93.33333333333333
Entropy: 0.06701171812915685
MapSize: 4191.5
MaxEntropy: 2.321928094887362
NumObs_Cv2: 27
OccupancyRatio: 0.28641297864726234
distance(normalized): 0.6
distance.avg: 0.01749
distance.variance: 1.0e-05
