AngleInfo:
  mean: 198.0
Entropy: 0.06116069061708158
MapSize: 6525.0
MaxEntropy: 2.321928094887362
NumObs_Cv2: 19
OccupancyRatio: 0.4829885057471265
distance(normalized): 0.7
distance.avg: 0.00866
distance.variance: 1.0e-05
