AngleInfo:
  mean: 346.15384615384613
Entropy: 0.08091439274330864
MapSize: 10290.0
MaxEntropy: 2.321928094887362
NumObs_Cv2: 16
OccupancyRatio: 0.501603498542274
distance(normalized): 0.6
distance.avg: 0.01477
distance.variance: 0.0
