AngleInfo:
  mean: 180.0
Entropy: 0.0147943516113256
MapSize: 1250.0
MaxEntropy: 2.321928094887362
NumObs_Cv2: 4
OccupancyRatio: 0.27959999999999996
distance(normalized): 0.5
distance.avg: 0.00761
distance.variance: 0.0
