AngleInfo:
  mean: 113.6842105263158
Entropy: 0.06539172553944961
MapSize: 6050.0
MaxEntropy: 2.321928094887362
NumObs_Cv2: 21
OccupancyRatio: 0.3683471074380166
distance(normalized): 0.6
distance.avg: 0.01287
distance.variance: 1.0e-05
