AngleInfo:
  mean: 243.0
Entropy: 0.060660615388600105
MapSize: 4520.0
MaxEntropy: 2.321928094887362
NumObs_Cv2: 35
OccupancyRatio: 0.22676991150442483
distance(normalized): 0.5
distance.avg: 0.01421
distance.variance: 1.0e-05
