AngleInfo:
  mean: 360.0
Entropy: 0.011256105412839746
MapSize: 1250.0
MaxEntropy: 2.321928094887362
NumObs_Cv2: 4
OccupancyRatio: 0.5072
distance(normalized): 0.5
distance.avg: 0.02457
distance.variance: 2.0e-05
