AngleInfo:
  mean: 232.25806451612902
Entropy: 0.09560990091087357
MapSize: 7297.5
MaxEntropy: 2.321928094887362
NumObs_Cv2: 50
OccupancyRatio: 0.19883521754025346
distance(normalized): 0.5
distance.avg: 0.01281
distance.variance: 0.0
