AngleInfo:
  mean: 170.1818181818182
Entropy: 0.11334367032426061
MapSize: 9312.5
MaxEntropy: 2.321928094887362
NumObs_Cv2: 70
OccupancyRatio: 0.15033557046979862
distance(normalized): 0.6
distance.avg: 0.01336
distance.variance: 0.0
