AngleInfo:
  mean: 360.0
Entropy: 0.015314616982108639
MapSize: 1250.0
MaxEntropy: 2.321928094887362
NumObs_Cv2: 2
OccupancyRatio: 0.23399999999999999
distance(normalized): 1.0
distance.avg: 0.01303
distance.variance: 0.0
