AngleInfo:
  mean: 288.0
Entropy: 0.08570582807668428
MapSize: 9990.0
MaxEntropy: 2.321928094887362
NumObs_Cv2: 30
OccupancyRatio: 0.43428428428428434
distance(normalized): 0.6
distance.avg: 0.01136
distance.variance: 0.0
