AngleInfo:
  mean: 246.85714285714286
Entropy: 0.05948655687625596
MapSize: 4268.0
MaxEntropy: 2.321928094887362
NumObs_Cv2: 36
OccupancyRatio: 0.21134020618556704
distance(normalized): 0.4
distance.avg: 0.01363
distance.variance: 1.0e-05
