AngleInfo:
  mean: 192.0
Entropy: 0.07091214563015229
MapSize: 6247.5
MaxEntropy: 2.321928094887362
NumObs_Cv2: 16
OccupancyRatio: 0.4608243297318928
distance(normalized): 0.6
distance.avg: 0.02104
distance.variance: 1.0e-05
