AngleInfo:
  mean: 110.76923076923079
Entropy: 0.06503384885492358
MapSize: 5940.0
MaxEntropy: 2.321928094887362
NumObs_Cv2: 22
OccupancyRatio: 0.3695286195286195
distance(normalized): 0.6
distance.avg: 0.0322
distance.variance: 4.0e-05
