AngleInfo:
  mean: 238.11023622047244
Entropy: 0.0820905407363185
MapSize: 5869.5
MaxEntropy: 2.321928094887362
NumObs_Cv2: 61
OccupancyRatio: 0.2531731834057416
distance(normalized): 0.5
distance.avg: 0.01258
distance.variance: 0.0
