AngleInfo:
  mean: 140.8695652173913
Entropy: 0.09759569646146408
MapSize: 8775.0
MaxEntropy: 2.321928094887362
NumObs_Cv2: 67
OccupancyRatio: 0.15048433048433052
distance(normalized): 0.5
distance.avg: 0.0132
distance.variance: 0.0
