AngleInfo:
  mean: 101.73913043478261
Entropy: 0.07300762749125045
MapSize: 5640.0
MaxEntropy: 2.321928094887362
NumObs_Cv2: 41
OccupancyRatio: 0.17065602836879434
distance(normalized): 0.6
distance.avg: 0.01177
distance.variance: 1.0e-05
