AngleInfo:
  mean: 307.3170731707317
Entropy: 0.059847649990912515
MapSize: 5750.0
MaxEntropy: 2.321928094887362
NumObs_Cv2: 14
OccupancyRatio: 0.4314782608695652
distance(normalized): 0.5
distance.avg: 0.00959
distance.variance: 0.0
