AngleInfo:
  mean: 216.0
Entropy: 0.040865452794352664
MapSize: 4480.0
MaxEntropy: 2.321928094887362
NumObs_Cv2: 12
OccupancyRatio: 0.38973214285714286
distance(normalized): 0.5
distance.avg: 0.0123
distance.variance: 1.0e-05
