AngleInfo:
  mean: 180.0
Entropy: 0.011594930479011795
MapSize: 1250.0
MaxEntropy: 2.321928094887362
NumObs_Cv2: 3
OccupancyRatio: 0.48360000000000003
distance(normalized): 0.7
distance.avg: 0.00715
distance.variance: 0.0
