AngleInfo:
  mean: 180.0
Entropy: 0.012518997112574527
MapSize: 1250.0
MaxEntropy: 2.321928094887362
NumObs_Cv2: 6
OccupancyRatio: 0.4444
distance(normalized): 0.3
distance.avg: 0.04637
distance.variance: 2.0e-05
