AngleInfo:
  mean: 223.44827586206895
Entropy: 0.08554468017404823
MapSize: 6211.5
MaxEntropy: 2.321928094887362
NumObs_Cv2: 52
OccupancyRatio: 0.2327940111084279
distance(normalized): 0.5
distance.avg: 0.01534
distance.variance: 1.0e-05
