AngleInfo:
  mean: 240.0
Entropy: 0.011844959422755924
MapSize: 1250.0
MaxEntropy: 2.321928094887362
NumObs_Cv2: 7
OccupancyRatio: 0.476
distance(normalized): 0.4
distance.avg: 0.01603
distance.variance: 1.0e-05
