AngleInfo:
  mean: 351.6279069767442
Entropy: 0.20795638656027673
MapSize: 4500.0
MaxEntropy: 2.321928094887362
NumObs_Cv2: 6
OccupancyRatio: 0.3792888888888889
distance(normalized): 0.5
distance.avg: 0.01211
distance.variance: 0.0
