AngleInfo:
  mean: 136.55172413793105
Entropy: 0.07861976142467567
MapSize: 7297.5
MaxEntropy: 2.321928094887362
NumObs_Cv2: 25
OccupancyRatio: 0.4494689962315862
distance(normalized): 0.6
distance.avg: 0.01194
distance.variance: 0.0
