AngleInfo:
  mean: 277.7142857142857
Entropy: 0.05403247906247348
MapSize: 5084.0
MaxEntropy: 2.321928094887362
NumObs_Cv2: 31
OccupancyRatio: 0.18115656963021243
distance(normalized): 0.5
distance.avg: 0.01002
distance.variance: 1.0e-05
