AngleInfo:
  mean: 282.3529411764706
Entropy: 0.052498241591754244
MapSize: 5880.0
MaxEntropy: 2.321928094887362
NumObs_Cv2: 25
OccupancyRatio: 0.3734693877551021
distance(normalized): 0.6
distance.avg: 0.09657
distance.variance: 0.00039
