AngleInfo:
  mean: 240.0
Entropy: 0.0836055335087021
MapSize: 6993.0
MaxEntropy: 2.321928094887362
NumObs_Cv2: 42
OccupancyRatio: 0.14292864292864293
distance(normalized): 0.5
distance.avg: 0.01493
distance.variance: 1.0e-05
