AngleInfo:
  mean: 270.96774193548384
Entropy: 0.07423110311237775
MapSize: 5808.0
MaxEntropy: 2.321928094887362
NumObs_Cv2: 39
OccupancyRatio: 0.17260674931129472
distance(normalized): 0.6
distance.avg: 0.0121
distance.variance: 1.0e-05
