AngleInfo:
  mean: 180.0
Entropy: 0.029484054939312047
MapSize: 5780.0
MaxEntropy: 2.321928094887362
NumObs_Cv2: 2
OccupancyRatio: 0.8653287197231834
distance(normalized): []
distance.avg: null
distance.variance: []
