AngleInfo:
  mean: 270.0
Entropy: 0.07908236641115736
MapSize: 5780.0
MaxEntropy: 2.321928094887362
NumObs_Cv2: 4
OccupancyRatio: 0.5504498269896194
distance(normalized): 1.0
distance.avg: 0.00681
distance.variance: 0.0
