AngleInfo:
  mean: 300.0
Entropy: 0.07095849375530074
MapSize: 5780.0
MaxEntropy: 2.321928094887362
NumObs_Cv2: 6
OccupancyRatio: 0.6210034602076124
distance(normalized): 0.3
distance.avg: 0.00737
distance.variance: 1.652e-06
