AngleInfo:
  mean: 216.0
Entropy: 0.08751328575300123
MapSize: 5780.0
MaxEntropy: 2.321928094887362
NumObs_Cv2: 23
OccupancyRatio: 0.4799307958477509
distance(normalized): 0.6
distance.avg: 0.01113
distance.variance: 5.508e-06
