AngleInfo:
  mean: 192.0
Entropy: 0.0851956838958194
MapSize: 5780.0
MaxEntropy: 2.321928094887362
NumObs_Cv2: 12
OccupancyRatio: 0.5060553633217992
distance(normalized): 0.6
distance.avg: 0.01071
distance.variance: 3.165e-06
