AngleInfo:
  mean: 234.0
Entropy: 0.26195798789466646
MapSize: 4500.0
MaxEntropy: 2.321928094887362
NumObs_Cv2: 16
OccupancyRatio: 0.4689777777777778
distance(normalized): 0.5
distance.avg: 0.13429
distance.variance: 0.00048
