AngleInfo:
  mean: 265.2631578947368
Entropy: 0.05493364594143569
MapSize: 3895.0
MaxEntropy: 2.321928094887362
NumObs_Cv2: 27
OccupancyRatio: 0.24736842105263157
distance(normalized): 0.5
distance.avg: 0.01164
distance.variance: 0.0
