AngleInfo:
  mean: 308.57142857142856
Entropy: 0.2674058305586855
MapSize: 4500.0
MaxEntropy: 2.321928094887362
NumObs_Cv2: 18
OccupancyRatio: 0.27084444444444444
distance(normalized): 0.5
distance.avg: 0.01263
distance.variance: 1.0e-05
