AngleInfo:
  mean: 304.61538461538464
Entropy: 0.09348130596423915
MapSize: 5780.0
MaxEntropy: 2.321928094887362
NumObs_Cv2: 18
OccupancyRatio: 0.432318339100346
distance(normalized): 0.4
distance.avg: 0.01181
distance.variance: 4.735e-06
