AngleInfo:
  mean: 137.14285714285714
Entropy: 0.015330195437439721
MapSize: 1250.0
MaxEntropy: 2.321928094887362
NumObs_Cv2: 17
OccupancyRatio: 0.2792
distance(normalized): 0.5
distance.avg: 0.02396
distance.variance: 1.0e-05
