AngleInfo:
  mean: 290.7692307692308
Entropy: 0.08609883429907243
MapSize: 9417.0
MaxEntropy: 2.321928094887362
NumObs_Cv2: 35
OccupancyRatio: 0.41265795901030056
distance(normalized): 0.5
distance.avg: 0.01212
distance.variance: 0.0
