AngleInfo:
  mean: 102.85714285714286
Entropy: 0.06578626842726427
MapSize: 4037.5
MaxEntropy: 2.321928094887362
NumObs_Cv2: 24
OccupancyRatio: 0.28198142414860683
distance(normalized): 0.6
distance.avg: 0.01216
distance.variance: 1.0e-05
