collision_rate: 0.11428571428571428
episode_duration: 144.2342857142857
success_rate: 0.7714285714285715
