size_dynamic_obs_0: 0.4802770831655846
size_dynamic_obs_1: 0.4485097393775262
size_dynamic_obs_10: 0.0
size_dynamic_obs_11: 0.0
size_dynamic_obs_12: 0.0
size_dynamic_obs_13: 0.0
size_dynamic_obs_14: 0.0
size_dynamic_obs_2: 0.2636505239491355
size_dynamic_obs_3: 0.2759145084693158
size_dynamic_obs_4: 0.3587460034870929
size_dynamic_obs_5: 0.0
size_dynamic_obs_6: 0.0
size_dynamic_obs_7: 0.0
size_dynamic_obs_8: 0.0
size_dynamic_obs_9: 0.0
size_static_obs_0: 0.0
size_static_obs_1: 0.0
size_static_obs_10: 0.0
size_static_obs_11: 0.0
size_static_obs_12: 0.0
size_static_obs_13: 0.0
size_static_obs_14: 0.0
size_static_obs_2: 0.0
size_static_obs_3: 0.0
size_static_obs_4: 0.0
size_static_obs_5: 0.0
size_static_obs_6: 0.0
size_static_obs_7: 0.0
size_static_obs_8: 0.0
size_static_obs_9: 0.0
speed_dynamic_obs_0: 0.4665328526831941
speed_dynamic_obs_1: 0.4665328526831941
speed_dynamic_obs_10: 0.0
speed_dynamic_obs_11: 0.0
speed_dynamic_obs_12: 0.0
speed_dynamic_obs_13: 0.0
speed_dynamic_obs_14: 0.0
speed_dynamic_obs_2: 0.4665328526831941
speed_dynamic_obs_3: 0.4665328526831941
speed_dynamic_obs_4: 0.4665328526831941
speed_dynamic_obs_5: 0.0
speed_dynamic_obs_6: 0.0
speed_dynamic_obs_7: 0.0
speed_dynamic_obs_8: 0.0
speed_dynamic_obs_9: 0.0
