AngleInfo:
  mean: 205.71428571428572
Entropy: 0.07113964901350575
MapSize: 7466.5
MaxEntropy: 2.321928094887362
NumObs_Cv2: 14
OccupancyRatio: 0.553070381035291
distance(normalized): 0.8
distance.avg: 0.00999
distance.variance: 1.0e-05
