AngleInfo:
  mean: 144.0
Entropy: 0.01364884323749653
MapSize: 1250.0
MaxEntropy: 2.321928094887362
NumObs_Cv2: 5
OccupancyRatio: 0.3692
distance(normalized): 0.2
distance.avg: 0.01363
distance.variance: 0.0
