AngleInfo:
  mean: 167.4418604651163
Entropy: 0.0867798793880216
MapSize: 10286.0
MaxEntropy: 2.321928094887362
NumObs_Cv2: 32
OccupancyRatio: 0.4463348240326658
distance(normalized): 0.6
distance.avg: 0.01195
distance.variance: 1.0e-05
