AngleInfo:
  mean: 120.0
Entropy: 0.014228821270450347
MapSize: 1250.0
MaxEntropy: 2.321928094887362
NumObs_Cv2: 3
OccupancyRatio: 0.30679999999999996
distance(normalized): 0.7
distance.avg: 0.00425
distance.variance: 0.0
