AngleInfo:
  mean: 171.42857142857142
Entropy: 0.07638935299742554
MapSize: 5780.0
MaxEntropy: 2.321928094887362
NumObs_Cv2: 16
OccupancyRatio: 0.566643598615917
distance(normalized): 0.6
distance.avg: 0.01031
distance.variance: 4.074e-06
