AngleInfo:
  mean: 180.0
Entropy: 0.14739395823894827
MapSize: 4500.0
MaxEntropy: 2.321928094887362
NumObs_Cv2: 15
OccupancyRatio: 0.44337777777777776
distance(normalized): 0.6
distance.avg: 0.01051
distance.variance: 0.0
