AngleInfo:
  mean: 321.70212765957444
Entropy: 0.08662794303041232
MapSize: 5780.0
MaxEntropy: 2.321928094887362
NumObs_Cv2: 10
OccupancyRatio: 0.48266435986159173
distance(normalized): 0.5
distance.avg: 0.00993
distance.variance: 6.321e-06
