AngleInfo:
  mean: 294.54545454545456
Entropy: 0.0861719391217772
MapSize: 7199.5
MaxEntropy: 2.321928094887362
NumObs_Cv2: 34
OccupancyRatio: 0.3507187999166609
distance(normalized): 0.4
distance.avg: 0.01351
distance.variance: 0.0
