AngleInfo:
  mean: 154.28571428571428
Entropy: 0.01425780973179987
MapSize: 1250.0
MaxEntropy: 2.321928094887362
NumObs_Cv2: 11
OccupancyRatio: 0.3304
distance(normalized): 0.6
distance.avg: 0.00969
distance.variance: 0.0
