AngleInfo:
  mean: 290.7692307692308
Entropy: 0.07062253757431254
MapSize: 4500.0
MaxEntropy: 2.321928094887362
NumObs_Cv2: 9
OccupancyRatio: 0.4846222222222222
distance(normalized): 0.8
distance.avg: 0.01006
distance.variance: 0.0
