AngleInfo:
  mean: 227.3684210526316
Entropy: 0.015027569304068152
MapSize: 1250.0
MaxEntropy: 2.321928094887362
NumObs_Cv2: 14
OccupancyRatio: 0.3036
distance(normalized): 0.6
distance.avg: 0.01346
distance.variance: 0.0
