AngleInfo:
  mean: 306.5806451612903
Entropy: 0.0957715077288623
MapSize: 8250.0
MaxEntropy: 2.321928094887362
NumObs_Cv2: 43
OccupancyRatio: 0.1373939393939394
distance(normalized): 0.6
distance.avg: 0.01372
distance.variance: 1.0e-05
