AngleInfo:
  mean: 257.14285714285717
Entropy: 0.06703257577971963
MapSize: 5780.0
MaxEntropy: 2.321928094887362
NumObs_Cv2: 7
OccupancyRatio: 0.6339792387543253
distance(normalized): 0.6
distance.avg: 0.00694
distance.variance: 1.683e-06
