AngleInfo:
  mean: 233.51351351351352
Entropy: 0.08480209353836418
MapSize: 6184.5
MaxEntropy: 2.321928094887362
NumObs_Cv2: 59
OccupancyRatio: 0.24221844934917935
distance(normalized): 0.6
distance.avg: 0.22362
distance.variance: 0.00191
