AngleInfo:
  mean: 160.0
Entropy: 0.05607574652743175
MapSize: 4263.0
MaxEntropy: 2.321928094887362
NumObs_Cv2: 28
OccupancyRatio: 0.2739854562514661
distance(normalized): 0.5
distance.avg: 0.01114
distance.variance: 0.0
