AngleInfo:
  mean: 180.0
Entropy: 0.08609436427693312
MapSize: 5780.0
MaxEntropy: 2.321928094887362
NumObs_Cv2: 19
OccupancyRatio: 0.4886505190311419
distance(normalized): 0.5
distance.avg: 0.01045
distance.variance: 5.275e-06
