AngleInfo:
  mean: 166.15384615384616
Entropy: 0.08420034857197294
MapSize: 5780.0
MaxEntropy: 2.321928094887362
NumObs_Cv2: 11
OccupancyRatio: 0.5057093425605537
distance(normalized): 0.5
distance.avg: 0.01187
distance.variance: 2.437e-06
