AngleInfo:
  mean: 240.0
Entropy: 0.013381844303558925
MapSize: 1250.0
MaxEntropy: 2.321928094887362
NumObs_Cv2: 3
OccupancyRatio: 0.3648
distance(normalized): 1.0
distance.avg: 0.00835
distance.variance: 0.0
