AngleInfo:
  mean: 306.3829787234043
Entropy: 0.04605986360809729
MapSize: 5292.0
MaxEntropy: 2.321928094887362
NumObs_Cv2: 18
OccupancyRatio: 0.4022108843537415
distance(normalized): 0.5
distance.avg: 0.01444
distance.variance: 1.0e-05
