AngleInfo:
  mean: 289.4845360824742
Entropy: 0.09061460537720874
MapSize: 6481.5
MaxEntropy: 2.321928094887362
NumObs_Cv2: 36
OccupancyRatio: 0.1485767183522333
distance(normalized): 0.6
distance.avg: 0.0122
distance.variance: 1.0e-05
