AngleInfo:
  mean: 288.0
Entropy: 0.011569505165682253
MapSize: 1250.0
MaxEntropy: 2.321928094887362
NumObs_Cv2: 3
OccupancyRatio: 0.48960000000000004
distance(normalized): 0.7
distance.avg: 0.00776
distance.variance: 0.0
