collision_rate: 0.0
episode_duration: 249.36571428571426
success_rate: 0.9428571428571428
