AngleInfo_mean: 152.47058823529412
EntropyRatio: 0.10256539544434433
MapSize: 8046.5
NumObs_Cv2: 63
OccupancyRatio: 0.1722488038277512
distance_avg: 0.01361
distance_norm: 0.5
distance_var: 0.0
