AngleInfo:
  mean: 160.0
Entropy: 0.015045593394945584
MapSize: 1250.0
MaxEntropy: 2.321928094887362
NumObs_Cv2: 8
OccupancyRatio: 0.22560000000000002
distance(normalized): 0.5
distance.avg: 0.01469
distance.variance: 1.0e-05
