AngleInfo:
  mean: 180.0
Entropy: 0.015262628299307898
MapSize: 1250.0
MaxEntropy: 2.321928094887362
NumObs_Cv2: 2
OccupancyRatio: 0.24760000000000004
distance(normalized): 1.0
distance.avg: 0.00757
distance.variance: 0.0
