AngleInfo:
  mean: 303.1578947368421
Entropy: 0.05893482177212031
MapSize: 6885.0
MaxEntropy: 2.321928094887362
NumObs_Cv2: 15
OccupancyRatio: 0.5412490922294844
distance(normalized): 0.5
distance.avg: 0.0104
distance.variance: 0.0
