AngleInfo:
  mean: 265.84615384615387
Entropy: 0.09553408071704307
MapSize: 8625.0
MaxEntropy: 2.321928094887362
NumObs_Cv2: 58
OccupancyRatio: 0.17188405797101447
distance(normalized): 0.6
distance.avg: 0.01181
distance.variance: 0.0
