AngleInfo:
  mean: 180.0
Entropy: 0.012615824550167904
MapSize: 1250.0
MaxEntropy: 2.321928094887362
NumObs_Cv2: 2
OccupancyRatio: 0.4212
distance(normalized): 1.0
distance.avg: 0.00065
distance.variance: 0.0
