AngleInfo:
  mean: 360.0
Entropy: 0.015363374817578254
MapSize: 1250.0
MaxEntropy: 2.321928094887362
NumObs_Cv2: 1
OccupancyRatio: 0.23440000000000005
distance(normalized): []
distance.avg: null
distance.variance: []
