AngleInfo:
  mean: 270.0
Entropy: 0.014919722561400093
MapSize: 1250.0
MaxEntropy: 2.321928094887362
NumObs_Cv2: 5
OccupancyRatio: 0.27
distance(normalized): 0.8
distance.avg: 0.01052
distance.variance: 0.0
