AngleInfo:
  mean: 221.53846153846155
Entropy: 0.011840605687889147
MapSize: 1250.0
MaxEntropy: 2.321928094887362
NumObs_Cv2: 12
OccupancyRatio: 0.4928
distance(normalized): 0.6
distance.avg: 0.01391
distance.variance: 1.0e-05
