collision_rate: 0.08571428571428572
episode_duration: 152.2942857142857
success_rate: 0.6
