size_dynamic_obs_0: 0.38358919548074305
size_dynamic_obs_1: 0.34374269353538267
size_dynamic_obs_10: 0.0
size_dynamic_obs_11: 0.0
size_dynamic_obs_12: 0.0
size_dynamic_obs_13: 0.0
size_dynamic_obs_14: 0.0
size_dynamic_obs_2: 0.4281490454608265
size_dynamic_obs_3: 0.23400283827270577
size_dynamic_obs_4: 0.47045479030054166
size_dynamic_obs_5: 0.0
size_dynamic_obs_6: 0.0
size_dynamic_obs_7: 0.0
size_dynamic_obs_8: 0.0
size_dynamic_obs_9: 0.0
size_static_obs_0: 0.0
size_static_obs_1: 0.0
size_static_obs_10: 0.0
size_static_obs_11: 0.0
size_static_obs_12: 0.0
size_static_obs_13: 0.0
size_static_obs_14: 0.0
size_static_obs_2: 0.0
size_static_obs_3: 0.0
size_static_obs_4: 0.0
size_static_obs_5: 0.0
size_static_obs_6: 0.0
size_static_obs_7: 0.0
size_static_obs_8: 0.0
size_static_obs_9: 0.0
speed_dynamic_obs_0: 0.26703414798124175
speed_dynamic_obs_1: 0.26703414798124175
speed_dynamic_obs_10: 0.0
speed_dynamic_obs_11: 0.0
speed_dynamic_obs_12: 0.0
speed_dynamic_obs_13: 0.0
speed_dynamic_obs_14: 0.0
speed_dynamic_obs_2: 0.26703414798124175
speed_dynamic_obs_3: 0.26703414798124175
speed_dynamic_obs_4: 0.26703414798124175
speed_dynamic_obs_5: 0.0
speed_dynamic_obs_6: 0.0
speed_dynamic_obs_7: 0.0
speed_dynamic_obs_8: 0.0
speed_dynamic_obs_9: 0.0
