AngleInfo:
  mean: 214.46808510638297
Entropy: 0.07185935824968329
MapSize: 4632.5
MaxEntropy: 2.321928094887362
NumObs_Cv2: 30
OccupancyRatio: 0.24382083108472752
distance(normalized): 0.5
distance.avg: 0.01618
distance.variance: 1.0e-05
