AngleInfo:
  mean: 202.5
Entropy: 0.10692813450047078
MapSize: 4500.0
MaxEntropy: 2.321928094887362
NumObs_Cv2: 12
OccupancyRatio: 0.42155555555555557
distance(normalized): 0.6
distance.avg: 0.0118
distance.variance: 1.0e-05
