AngleInfo:
  mean: 347.14285714285717
Entropy: 0.2727720062510314
MapSize: 4500.0
MaxEntropy: 2.321928094887362
NumObs_Cv2: 6
OccupancyRatio: 0.5624444444444445
distance(normalized): 0.7
distance.avg: 0.04285
distance.variance: 0.00013
