AngleInfo:
  mean: 90.0
Entropy: 0.014624122345445852
MapSize: 1250.0
MaxEntropy: 2.321928094887362
NumObs_Cv2: 4
OccupancyRatio: 0.31200000000000006
distance(normalized): 0.5
distance.avg: 0.00661
distance.variance: 0.0
