AngleInfo:
  mean: 288.0
Entropy: 0.07842080766469037
MapSize: 6159.5
MaxEntropy: 2.321928094887362
NumObs_Cv2: 29
OccupancyRatio: 0.3538436561409205
distance(normalized): 0.6
distance.avg: 0.03286
distance.variance: 5.0e-05
