AngleInfo:
  mean: 240.0
Entropy: 0.0463987485396817
MapSize: 4500.0
MaxEntropy: 2.321928094887362
NumObs_Cv2: 6
OccupancyRatio: 0.6946666666666667
distance(normalized): 0.7
distance.avg: 0.00677
distance.variance: 0.0
