AngleInfo:
  mean: 360.0
Entropy: 0.0138677273815793
MapSize: 1250.0
MaxEntropy: 2.321928094887362
NumObs_Cv2: 1
OccupancyRatio: 0.3356
distance(normalized): []
distance.avg: null
distance.variance: []
