AngleInfo:
  mean: 90.0
Entropy: 0.08307988486517187
MapSize: 7004.0
MaxEntropy: 2.321928094887362
NumObs_Cv2: 51
OccupancyRatio: 0.20374071958880635
distance(normalized): 0.6
distance.avg: 0.01625
distance.variance: 1.0e-05
