AngleInfo:
  mean: 240.0
Entropy: 0.012674976903651944
MapSize: 1250.0
MaxEntropy: 2.321928094887362
NumObs_Cv2: 4
OccupancyRatio: 0.41159999999999997
distance(normalized): 0.8
distance.avg: 0.01004
distance.variance: 0.0
