AngleInfo:
  mean: 270.0
Entropy: 0.013952667467036883
MapSize: 1250.0
MaxEntropy: 2.321928094887362
NumObs_Cv2: 11
OccupancyRatio: 0.39759999999999995
distance(normalized): 0.5
distance.avg: 0.01436
distance.variance: 0.0
