AngleInfo:
  mean: 135.0
Entropy: 0.06994995951992601
MapSize: 5780.0
MaxEntropy: 2.321928094887362
NumObs_Cv2: 8
OccupancyRatio: 0.6263667820069204
distance(normalized): 0.5
distance.avg: 0.01097
distance.variance: 6.656e-06
