AngleInfo:
  mean: 128.0
Entropy: 0.07089626741035912
MapSize: 5580.0
MaxEntropy: 2.321928094887362
NumObs_Cv2: 39
OccupancyRatio: 0.20627240143369174
distance(normalized): 0.5
distance.avg: 0.01551
distance.variance: 1.0e-05
