AngleInfo:
  mean: 246.31578947368422
Entropy: 0.05334343381825073
MapSize: 5840.0
MaxEntropy: 2.321928094887362
NumObs_Cv2: 30
OccupancyRatio: 0.34794520547945207
distance(normalized): 0.5
distance.avg: 0.01629
distance.variance: 1.0e-05
