AngleInfo:
  mean: 193.84615384615384
Entropy: 0.04689251995589086
MapSize: 6678.0
MaxEntropy: 2.321928094887362
NumObs_Cv2: 10
OccupancyRatio: 0.5188679245283019
distance(normalized): 0.7
distance.avg: 0.01673
distance.variance: 1.0e-05
