AngleInfo:
  mean: 90.0
Entropy: 0.013668046370258665
MapSize: 1250.0
MaxEntropy: 2.321928094887362
NumObs_Cv2: 4
OccupancyRatio: 0.35319999999999996
distance(normalized): 0.5
distance.avg: 0.00453
distance.variance: 0.0
