AngleInfo:
  mean: 294.54545454545456
Entropy: 0.0920097697341577
MapSize: 5780.0
MaxEntropy: 2.321928094887362
NumObs_Cv2: 22
OccupancyRatio: 0.4378892733564014
distance(normalized): 0.5
distance.avg: 0.01072
distance.variance: 5.673e-06
