AngleInfo:
  mean: 90.0
Entropy: 0.015407784358865268
MapSize: 1250.0
MaxEntropy: 2.321928094887362
NumObs_Cv2: 4
OccupancyRatio: 0.24519999999999997
distance(normalized): 1.0
distance.avg: 0.00724
distance.variance: 0.0
