AngleInfo:
  mean: 320.0
Entropy: 0.10445167348922352
MapSize: 4500.0
MaxEntropy: 2.321928094887362
NumObs_Cv2: 12
OccupancyRatio: 0.3244444444444444
distance(normalized): 0.6
distance.avg: 0.0119
distance.variance: 0.0
