AngleInfo:
  mean: 315.0
Entropy: 0.08398973833696882
MapSize: 5780.0
MaxEntropy: 2.321928094887362
NumObs_Cv2: 12
OccupancyRatio: 0.47404844290657444
distance(normalized): 0.3
distance.avg: 0.01049
distance.variance: 2.659e-06
