AngleInfo:
  mean: 303.1578947368421
Entropy: 0.18175678945176785
MapSize: 4500.0
MaxEntropy: 2.321928094887362
NumObs_Cv2: 9
OccupancyRatio: 0.4196888888888889
distance(normalized): 0.6
distance.avg: 0.00964
distance.variance: 0.0
