AngleInfo:
  mean: 294.54545454545456
Entropy: 0.076987946673774
MapSize: 5780.0
MaxEntropy: 2.321928094887362
NumObs_Cv2: 8
OccupancyRatio: 0.5482006920415226
distance(normalized): 0.8
distance.avg: 0.0079
distance.variance: 4.537e-06
