AngleInfo:
  mean: 180.0
Entropy: 0.01480046436634663
MapSize: 1250.0
MaxEntropy: 2.321928094887362
NumObs_Cv2: 7
OccupancyRatio: 0.31520000000000004
distance(normalized): 0.9
distance.avg: 0.00913
distance.variance: 0.0
