AngleInfo:
  mean: 270.0
Entropy: 0.015248320521744782
MapSize: 1250.0
MaxEntropy: 2.321928094887362
NumObs_Cv2: 4
OccupancyRatio: 0.28280000000000005
distance(normalized): 0.8
distance.avg: 0.01345
distance.variance: 1.0e-05
