AngleInfo:
  mean: 240.0
Entropy: 0.040660081396523357
MapSize: 5780.0
MaxEntropy: 2.321928094887362
NumObs_Cv2: 4
OccupancyRatio: 0.8026297577854671
distance(normalized): 0.8
distance.avg: 0.00415
distance.variance: 1.2e-08
