AngleInfo:
  mean: 83.07692307692308
Entropy: 0.014978501803805968
MapSize: 1250.0
MaxEntropy: 2.321928094887362
NumObs_Cv2: 13
OccupancyRatio: 0.2984
distance(normalized): 0.4
distance.avg: 0.01141
distance.variance: 0.0
