AngleInfo:
  mean: 286.3636363636364
Entropy: 0.06472418751756875
MapSize: 7975.0
MaxEntropy: 2.321928094887362
NumObs_Cv2: 15
OccupancyRatio: 0.5360501567398119
distance(normalized): 0.5
distance.avg: 0.01134
distance.variance: 0.0
