AngleInfo:
  mean: 180.0
Entropy: 0.015426232175426748
MapSize: 1250.0
MaxEntropy: 2.321928094887362
NumObs_Cv2: 13
OccupancyRatio: 0.25
distance(normalized): 0.5
distance.avg: 0.01188
distance.variance: 1.0e-05
