AngleInfo:
  mean: 163.63636363636363
Entropy: 0.010950539711459647
MapSize: 1250.0
MaxEntropy: 2.321928094887362
NumObs_Cv2: 10
OccupancyRatio: 0.5608
distance(normalized): 0.4
distance.avg: 0.06265
distance.variance: 0.00013
