AngleInfo:
  mean: 217.9816513761468
Entropy: 0.0925422388139512
MapSize: 8073.0
MaxEntropy: 2.321928094887362
NumObs_Cv2: 58
OccupancyRatio: 0.14040629258020565
distance(normalized): 0.5
distance.avg: 0.01474
distance.variance: 1.0e-05
