AngleInfo:
  mean: 272.8421052631579
Entropy: 0.06509952038385955
MapSize: 4929.0
MaxEntropy: 2.321928094887362
NumObs_Cv2: 43
OccupancyRatio: 0.18401298437817004
distance(normalized): 0.6
distance.avg: 0.01614
distance.variance: 1.0e-05
