AngleInfo:
  mean: 320.0
Entropy: 0.07214814815596494
MapSize: 5780.0
MaxEntropy: 2.321928094887362
NumObs_Cv2: 11
OccupancyRatio: 0.6006574394463668
distance(normalized): 0.6
distance.avg: 0.0127
distance.variance: 5.365e-06
