AngleInfo:
  mean: 320.0
Entropy: 0.09618415507576951
MapSize: 4500.0
MaxEntropy: 2.321928094887362
NumObs_Cv2: 12
OccupancyRatio: 0.48706666666666665
distance(normalized): 0.6
distance.avg: 0.0138
distance.variance: 1.0e-05
