AngleInfo:
  mean: 216.0
Entropy: 0.01383729947587394
MapSize: 1250.0
MaxEntropy: 2.321928094887362
NumObs_Cv2: 6
OccupancyRatio: 0.36
distance(normalized): 0.7
distance.avg: 0.01007
distance.variance: 0.0
