AngleInfo:
  mean: 180.0
Entropy: 0.014486312842660734
MapSize: 1250.0
MaxEntropy: 2.321928094887362
NumObs_Cv2: 2
OccupancyRatio: 0.2972
distance(normalized): []
distance.avg: null
distance.variance: []
