AngleInfo:
  mean: 187.82608695652175
Entropy: 0.014242350318022035
MapSize: 1250.0
MaxEntropy: 2.321928094887362
NumObs_Cv2: 18
OccupancyRatio: 0.39039999999999997
distance(normalized): 0.6
distance.avg: 0.04674
distance.variance: 6.0e-05
