AngleInfo:
  mean: 192.0
Entropy: 0.05404585315935369
MapSize: 4085.0
MaxEntropy: 2.321928094887362
NumObs_Cv2: 30
OccupancyRatio: 0.3041615667074663
distance(normalized): 0.5
distance.avg: 0.0147
distance.variance: 1.0e-05
