AngleInfo:
  mean: 126.0
Entropy: 0.05892507754363214
MapSize: 4459.0
MaxEntropy: 2.321928094887362
NumObs_Cv2: 33
OccupancyRatio: 0.24871047320026907
distance(normalized): 0.5
distance.avg: 0.01461
distance.variance: 1.0e-05
