AngleInfo:
  mean: 152.30769230769232
Entropy: 0.09032828079448811
MapSize: 4500.0
MaxEntropy: 2.321928094887362
NumObs_Cv2: 20
OccupancyRatio: 0.28622222222222227
distance(normalized): 0.6
distance.avg: 0.01227
distance.variance: 1.0e-05
