AngleInfo:
  mean: 360.0
Entropy: 0.013318601180459032
MapSize: 1250.0
MaxEntropy: 2.321928094887362
NumObs_Cv2: 3
OccupancyRatio: 0.388
distance(normalized): 0.7
distance.avg: 0.02265
distance.variance: 3.0e-05
