AngleInfo:
  mean: 180.0
Entropy: 0.013481673108458703
MapSize: 1250.0
MaxEntropy: 2.321928094887362
NumObs_Cv2: 3
OccupancyRatio: 0.38680000000000003
distance(normalized): 1.0
distance.avg: 0.00872
distance.variance: 0.0
