AngleInfo:
  mean: 288.0
Entropy: 0.014900579416734807
MapSize: 1250.0
MaxEntropy: 2.321928094887362
NumObs_Cv2: 10
OccupancyRatio: 0.3516
distance(normalized): 0.5
distance.avg: 0.01228
distance.variance: 1.0e-05
