AngleInfo:
  mean: 330.0
Entropy: 0.07610775470946536
MapSize: 8362.0
MaxEntropy: 2.321928094887362
NumObs_Cv2: 20
OccupancyRatio: 0.4353623535039465
distance(normalized): 0.4
distance.avg: 0.01048
distance.variance: 0.0
