AngleInfo:
  mean: 288.0
Entropy: 0.2690528213196408
MapSize: 4500.0
MaxEntropy: 2.321928094887362
NumObs_Cv2: 21
OccupancyRatio: 0.33795555555555556
distance(normalized): 0.4
distance.avg: 0.00991
distance.variance: 0.0
