AngleInfo:
  mean: 360.0
Entropy: 0.014965020350881913
MapSize: 1250.0
MaxEntropy: 2.321928094887362
NumObs_Cv2: 1
OccupancyRatio: 0.27959999999999996
distance(normalized): []
distance.avg: null
distance.variance: []
