AngleInfo:
  mean: 180.0
Entropy: 0.016081625832463746
MapSize: 1250.0
MaxEntropy: 2.321928094887362
NumObs_Cv2: 13
OccupancyRatio: 0.1784
distance(normalized): 0.5
distance.avg: 0.0132
distance.variance: 0.0
