AngleInfo:
  mean: 270.0
Entropy: 0.013712134823625578
MapSize: 1250.0
MaxEntropy: 2.321928094887362
NumObs_Cv2: 6
OccupancyRatio: 0.39239999999999997
distance(normalized): 0.7
distance.avg: 0.0139
distance.variance: 1.0e-05
