AngleInfo:
  mean: 216.0
Entropy: 0.013773108484149383
MapSize: 1250.0
MaxEntropy: 2.321928094887362
NumObs_Cv2: 5
OccupancyRatio: 0.3964
distance(normalized): 0.6
distance.avg: 0.00973
distance.variance: 0.0
