AngleInfo:
  mean: 270.0
Entropy: 0.013395219149603973
MapSize: 1250.0
MaxEntropy: 2.321928094887362
NumObs_Cv2: 5
OccupancyRatio: 0.3832
distance(normalized): 0.4
distance.avg: 0.01251
distance.variance: 1.0e-05
