AngleInfo:
  mean: 360.0
Entropy: 0.01394915336089441
MapSize: 1250.0
MaxEntropy: 2.321928094887362
NumObs_Cv2: 5
OccupancyRatio: 0.37160000000000004
distance(normalized): 0.4
distance.avg: 0.01293
distance.variance: 0.0
