AngleInfo:
  mean: 180.0
Entropy: 0.0789851200195653
MapSize: 5780.0
MaxEntropy: 2.321928094887362
NumObs_Cv2: 2
OccupancyRatio: 0.5341176470588236
distance(normalized): []
distance.avg: null
distance.variance: []
