AngleInfo:
  mean: 90.0
Entropy: 0.01278735075491299
MapSize: 1250.0
MaxEntropy: 2.321928094887362
NumObs_Cv2: 4
OccupancyRatio: 0.3772
distance(normalized): 0.5
distance.avg: 0.00462
distance.variance: 0.0
