AngleInfo:
  mean: 360.0
Entropy: 0.011919233764774818
MapSize: 1250.0
MaxEntropy: 2.321928094887362
NumObs_Cv2: 3
OccupancyRatio: 0.48160000000000003
distance(normalized): 0.7
distance.avg: 0.01101
distance.variance: 0.0
