AngleInfo:
  mean: 144.0
Entropy: 0.08722587781761795
MapSize: 9104.5
MaxEntropy: 2.321928094887362
NumObs_Cv2: 20
OccupancyRatio: 0.4749848975781207
distance(normalized): 0.6
distance.avg: 0.01117
distance.variance: 1.0e-05
