AngleInfo:
  mean: 249.23076923076923
Entropy: 0.07053167239810142
MapSize: 5810.0
MaxEntropy: 2.321928094887362
NumObs_Cv2: 51
OccupancyRatio: 0.26729776247848536
distance(normalized): 0.6
distance.avg: 0.01871
distance.variance: 1.0e-05
