#{"t_start": 1619073159.4470687, "env_id": null}
r,l,t,done_reason,gp_len
