AngleInfo:
  mean: 180.0
Entropy: 0.011766933855203521
MapSize: 1250.0
MaxEntropy: 2.321928094887362
NumObs_Cv2: 2
OccupancyRatio: 0.44720000000000004
distance(normalized): 1.0
distance.avg: 0.0005
distance.variance: 0.0
