AngleInfo:
  mean: 360.0
Entropy: 0.015135704993196199
MapSize: 1250.0
MaxEntropy: 2.321928094887362
NumObs_Cv2: 5
OccupancyRatio: 0.28200000000000003
distance(normalized): 0.2
distance.avg: 0.00734
distance.variance: 0.0
