AngleInfo:
  mean: 72.0
Entropy: 0.014668388191019685
MapSize: 1250.0
MaxEntropy: 2.321928094887362
NumObs_Cv2: 20
OccupancyRatio: 0.358
distance(normalized): 0.5
distance.avg: 0.01287
distance.variance: 0.0
