AngleInfo:
  mean: 261.8181818181818
Entropy: 0.04617842350474452
MapSize: 4674.0
MaxEntropy: 2.321928094887362
NumObs_Cv2: 34
OccupancyRatio: 0.2931108258451005
distance(normalized): 0.6
distance.avg: 0.01742
distance.variance: 1.0e-05
