size_dynamic_obs_0: 0.3472036586212838
size_dynamic_obs_1: 0.33983934713444747
size_dynamic_obs_10: 0.3294788777570803
size_dynamic_obs_11: 0.33630289383740625
size_dynamic_obs_12: 0.0
size_dynamic_obs_13: 0.0
size_dynamic_obs_14: 0.0
size_dynamic_obs_2: 0.2317051512334835
size_dynamic_obs_3: 0.4739559514637391
size_dynamic_obs_4: 0.36363118287848234
size_dynamic_obs_5: 0.2505566261630571
size_dynamic_obs_6: 0.41064747446154154
size_dynamic_obs_7: 0.3272255742387205
size_dynamic_obs_8: 0.3232716650964255
size_dynamic_obs_9: 0.4148148878749322
speed_dynamic_obs_0: 0.23579064504800834
speed_dynamic_obs_1: 0.23579064504800834
speed_dynamic_obs_10: 0.23579064504800834
speed_dynamic_obs_11: 0.23579064504800834
speed_dynamic_obs_12: 0.0
speed_dynamic_obs_13: 0.0
speed_dynamic_obs_14: 0.0
speed_dynamic_obs_2: 0.23579064504800834
speed_dynamic_obs_3: 0.23579064504800834
speed_dynamic_obs_4: 0.23579064504800834
speed_dynamic_obs_5: 0.23579064504800834
speed_dynamic_obs_6: 0.23579064504800834
speed_dynamic_obs_7: 0.23579064504800834
speed_dynamic_obs_8: 0.23579064504800834
speed_dynamic_obs_9: 0.23579064504800834
