collision_rate: 0.08571428571428572
episode_duration: 340.92285714285714
success_rate: 0.7142857142857143
