AngleInfo_mean: 202.5
EntropyRatio: 0.059537889921221374
MapSize: 6832.0
NumObs_Cv2: 33
OccupancyRatio: 0.3831967213114754
distance_avg: 0.00881
distance_norm: 0.7
distance_var: 0.0
