AngleInfo:
  mean: 90.0
Entropy: 0.014240231626086243
MapSize: 1250.0
MaxEntropy: 2.321928094887362
NumObs_Cv2: 6
OccupancyRatio: 0.3316
distance(normalized): 0.7
distance.avg: 0.00684
distance.variance: 0.0
