AngleInfo:
  mean: 335.17241379310343
Entropy: 0.0678844837687021
MapSize: 10500.0
MaxEntropy: 2.321928094887362
NumObs_Cv2: 13
OccupancyRatio: 0.5257142857142857
distance(normalized): 0.6
distance.avg: 0.01047
distance.variance: 2.0e-05
