AngleInfo:
  mean: 204.54545454545453
Entropy: 0.06972157416993595
MapSize: 6800.0
MaxEntropy: 2.321928094887362
NumObs_Cv2: 51
OccupancyRatio: 0.22558823529411764
distance(normalized): 0.6
distance.avg: 0.01117
distance.variance: 0.0
