AngleInfo:
  mean: 160.0
Entropy: 0.014825428025369687
MapSize: 1250.0
MaxEntropy: 2.321928094887362
NumObs_Cv2: 8
OccupancyRatio: 0.25680000000000003
distance(normalized): 0.5
distance.avg: 0.00933
distance.variance: 0.0
