AngleInfo:
  mean: 360.0
Entropy: 0.012801442506068607
MapSize: 1250.0
MaxEntropy: 2.321928094887362
NumObs_Cv2: 5
OccupancyRatio: 0.4044
distance(normalized): 0.6
distance.avg: 0.01022
distance.variance: 0.0
