AngleInfo:
  mean: 144.0
Entropy: 0.013972024754285387
MapSize: 1250.0
MaxEntropy: 2.321928094887362
NumObs_Cv2: 8
OccupancyRatio: 0.33240000000000003
distance(normalized): 0.4
distance.avg: 0.01376
distance.variance: 0.0
