AngleInfo:
  mean: 270.0
Entropy: 0.013349427035346424
MapSize: 1250.0
MaxEntropy: 2.321928094887362
NumObs_Cv2: 5
OccupancyRatio: 0.36319999999999997
distance(normalized): 0.6
distance.avg: 0.01035
distance.variance: 0.0
