AngleInfo:
  mean: 360.0
Entropy: 0.01112568507019941
MapSize: 1250.0
MaxEntropy: 2.321928094887362
NumObs_Cv2: 2
OccupancyRatio: 0.506
distance(normalized): 1.0
distance.avg: 0.00738
distance.variance: 0.0
