AngleInfo:
  mean: 225.0
Entropy: 0.09667281397260348
MapSize: 5780.0
MaxEntropy: 2.321928094887362
NumObs_Cv2: 12
OccupancyRatio: 0.395121107266436
distance(normalized): 0.3
distance.avg: 0.0113
distance.variance: 4.56e-06
