AngleInfo:
  mean: 360.0
Entropy: 0.013607201423785579
MapSize: 1250.0
MaxEntropy: 2.321928094887362
NumObs_Cv2: 2
OccupancyRatio: 0.36960000000000004
distance(normalized): 1.0
distance.avg: 0.01745
distance.variance: 0.0
