AngleInfo:
  mean: 72.0
Entropy: 0.013829338486157647
MapSize: 1250.0
MaxEntropy: 2.321928094887362
NumObs_Cv2: 5
OccupancyRatio: 0.3084
distance(normalized): 0.8
distance.avg: 0.00268
distance.variance: 0.0
