AngleInfo:
  mean: 310.15384615384613
Entropy: 0.080664501501866
MapSize: 8158.5
MaxEntropy: 2.321928094887362
NumObs_Cv2: 18
OccupancyRatio: 0.48985720414291845
distance(normalized): 0.6
distance.avg: 0.04701
distance.variance: 6.0e-05
