AngleInfo:
  mean: 360.0
Entropy: 0.16976163852678758
MapSize: 4500.0
MaxEntropy: 2.321928094887362
NumObs_Cv2: 3
OccupancyRatio: 0.589911111111111
distance(normalized): 0.3
distance.avg: 0.0305
distance.variance: 1.0e-05
