AngleInfo:
  mean: 302.4
Entropy: 0.06551517759261412
MapSize: 8023.0
MaxEntropy: 2.321928094887362
NumObs_Cv2: 13
OccupancyRatio: 0.5277950891187835
distance(normalized): 0.8
distance.avg: 0.01609
distance.variance: 1.0e-05
