AngleInfo:
  mean: 196.36363636363637
Entropy: 0.013841556077762242
MapSize: 1250.0
MaxEntropy: 2.321928094887362
NumObs_Cv2: 8
OccupancyRatio: 0.35119999999999996
distance(normalized): 0.5
distance.avg: 0.01172
distance.variance: 1.0e-05
