AngleInfo:
  mean: 320.0
Entropy: 0.07995458506225463
MapSize: 4500.0
MaxEntropy: 2.321928094887362
NumObs_Cv2: 8
OccupancyRatio: 0.6211111111111112
distance(normalized): 0.5
distance.avg: 0.00989
distance.variance: 0.0
