AngleInfo:
  mean: 304.61538461538464
Entropy: 0.07155454509029052
MapSize: 6363.5
MaxEntropy: 2.321928094887362
NumObs_Cv2: 16
OccupancyRatio: 0.4763887797595663
distance(normalized): 0.8
distance.avg: 0.02014
distance.variance: 2.0e-05
