AngleInfo:
  mean: 360.0
Entropy: 0.012912904612533905
MapSize: 1250.0
MaxEntropy: 2.321928094887362
NumObs_Cv2: 5
OccupancyRatio: 0.4376
distance(normalized): 0.4
distance.avg: 0.01616
distance.variance: 1.0e-05
