AngleInfo:
  mean: 272.72727272727275
Entropy: 0.09059355111086177
MapSize: 7770.0
MaxEntropy: 2.321928094887362
NumObs_Cv2: 55
OccupancyRatio: 0.16370656370656367
distance(normalized): 0.6
distance.avg: 0.01818
distance.variance: 1.0e-05
