AngleInfo:
  mean: 308.57142857142856
Entropy: 0.013122467554296099
MapSize: 1250.0
MaxEntropy: 2.321928094887362
NumObs_Cv2: 6
OccupancyRatio: 0.39880000000000004
distance(normalized): 0.3
distance.avg: 0.01068
distance.variance: 0.0
