AngleInfo:
  mean: 186.66666666666666
Entropy: 0.05027274935130826
MapSize: 4838.0
MaxEntropy: 2.321928094887362
NumObs_Cv2: 32
OccupancyRatio: 0.19450186027284
distance(normalized): 0.5
distance.avg: 0.01831
distance.variance: 1.0e-05
