AngleInfo:
  mean: 213.33333333333334
Entropy: 0.015491660928465571
MapSize: 1250.0
MaxEntropy: 2.321928094887362
NumObs_Cv2: 17
OccupancyRatio: 0.26160000000000005
distance(normalized): 0.7
distance.avg: 0.01258
distance.variance: 1.0e-05
