AngleInfo:
  mean: 346.15384615384613
Entropy: 0.19020906540172383
MapSize: 4500.0
MaxEntropy: 2.321928094887362
NumObs_Cv2: 11
OccupancyRatio: 0.4575555555555556
distance(normalized): 0.6
distance.avg: 0.01723
distance.variance: 2.0e-05
