AngleInfo:
  mean: 341.05263157894734
Entropy: 0.07469837335572446
MapSize: 5780.0
MaxEntropy: 2.321928094887362
NumObs_Cv2: 8
OccupancyRatio: 0.577681660899654
distance(normalized): 0.5
distance.avg: 0.01563
distance.variance: 6.936e-06
