AngleInfo:
  mean: 360.0
Entropy: 0.015590718777861848
MapSize: 1250.0
MaxEntropy: 2.321928094887362
NumObs_Cv2: 1
OccupancyRatio: 0.21440000000000003
distance(normalized): []
distance.avg: null
distance.variance: []
