AngleInfo:
  mean: 60.0
Entropy: 0.01569773915424621
MapSize: 1250.0
MaxEntropy: 2.321928094887362
NumObs_Cv2: 6
OccupancyRatio: 0.20840000000000003
distance(normalized): 0.3
distance.avg: 0.00773
distance.variance: 0.0
