AngleInfo:
  mean: 68.57142857142857
Entropy: 0.015819983392895132
MapSize: 1250.0
MaxEntropy: 2.321928094887362
NumObs_Cv2: 19
OccupancyRatio: 0.2268
distance(normalized): 0.5
distance.avg: 0.01319
distance.variance: 2.0e-05
