AngleInfo:
  mean: 288.0
Entropy: 0.08640354574957285
MapSize: 5780.0
MaxEntropy: 2.321928094887362
NumObs_Cv2: 20
OccupancyRatio: 0.5100692041522492
distance(normalized): 0.6
distance.avg: 0.01076
distance.variance: 4.459e-06
