AngleInfo:
  mean: 300.0
Entropy: 0.0878602461620101
MapSize: 5780.0
MaxEntropy: 2.321928094887362
NumObs_Cv2: 20
OccupancyRatio: 0.47024221453287196
distance(normalized): 0.4
distance.avg: 0.01218
distance.variance: 3.848e-06
