AngleInfo:
  mean: 300.0
Entropy: 0.08140586870573192
MapSize: 8269.5
MaxEntropy: 2.321928094887362
NumObs_Cv2: 14
OccupancyRatio: 0.47995646653364776
distance(normalized): 0.7
distance.avg: 0.00929
distance.variance: 0.0
