AngleInfo:
  mean: 60.0
Entropy: 0.014920683949509841
MapSize: 1250.0
MaxEntropy: 2.321928094887362
NumObs_Cv2: 6
OccupancyRatio: 0.31200000000000006
distance(normalized): 0.3
distance.avg: 0.00903
distance.variance: 0.0
