AngleInfo:
  mean: 180.0
Entropy: 0.014709794969514741
MapSize: 1250.0
MaxEntropy: 2.321928094887362
NumObs_Cv2: 3
OccupancyRatio: 0.2852
distance(normalized): 1.0
distance.avg: 0.00994
distance.variance: 0.0
