AngleInfo:
  mean: 216.0
Entropy: 0.0626803796936941
MapSize: 7980.0
MaxEntropy: 2.321928094887362
NumObs_Cv2: 20
OccupancyRatio: 0.4290100250626566
distance(normalized): 0.6
distance.avg: 0.01268
distance.variance: 1.0e-05
