AngleInfo:
  mean: 127.05882352941177
Entropy: 0.015808638551186194
MapSize: 1250.0
MaxEntropy: 2.321928094887362
NumObs_Cv2: 14
OccupancyRatio: 0.22319999999999995
distance(normalized): 0.4
distance.avg: 0.0106
distance.variance: 0.0
