AngleInfo:
  mean: 216.0
Entropy: 0.06432611007841953
MapSize: 5775.0
MaxEntropy: 2.321928094887362
NumObs_Cv2: 24
OccupancyRatio: 0.3574891774891775
distance(normalized): 0.5
distance.avg: 0.03505
distance.variance: 4.0e-05
