AngleInfo:
  mean: 288.0
Entropy: 0.05326567884476857
MapSize: 7500.0
MaxEntropy: 2.321928094887362
NumObs_Cv2: 12
OccupancyRatio: 0.4968666666666667
distance(normalized): 0.4
distance.avg: 0.01199
distance.variance: 0.0
