AngleInfo:
  mean: 360.0
Entropy: 0.013494590893876033
MapSize: 1250.0
MaxEntropy: 2.321928094887362
NumObs_Cv2: 2
OccupancyRatio: 0.37639999999999996
distance(normalized): 1.0
distance.avg: 0.01232
distance.variance: 0.0
