AngleInfo:
  mean: 278.7096774193548
Entropy: 0.062080731611552364
MapSize: 5005.0
MaxEntropy: 2.321928094887362
NumObs_Cv2: 40
OccupancyRatio: 0.28331668331668336
distance(normalized): 0.5
distance.avg: 0.01295
distance.variance: 0.0
