AngleInfo:
  mean: 144.0
Entropy: 0.01338538762941786
MapSize: 1250.0
MaxEntropy: 2.321928094887362
NumObs_Cv2: 5
OccupancyRatio: 0.378
distance(normalized): 0.6
distance.avg: 0.00811
distance.variance: 0.0
