AngleInfo:
  mean: 240.0
Entropy: 0.013441579650076698
MapSize: 1250.0
MaxEntropy: 2.321928094887362
NumObs_Cv2: 5
OccupancyRatio: 0.39559999999999995
distance(normalized): 0.6
distance.avg: 0.01195
distance.variance: 1.0e-05
