AngleInfo:
  mean: 102.85714285714286
Entropy: 0.01311745071349722
MapSize: 1250.0
MaxEntropy: 2.321928094887362
NumObs_Cv2: 7
OccupancyRatio: 0.396
distance(normalized): 0.6
distance.avg: 0.00695
distance.variance: 0.0
