AngleInfo:
  mean: 313.04347826086956
Entropy: 0.07932697698409831
MapSize: 5780.0
MaxEntropy: 2.321928094887362
NumObs_Cv2: 6
OccupancyRatio: 0.5522837370242215
distance(normalized): 0.3
distance.avg: 0.0127
distance.variance: 6.282e-06
