AngleInfo:
  mean: 329.14285714285717
Entropy: 0.1296653620525294
MapSize: 4500.0
MaxEntropy: 2.321928094887362
NumObs_Cv2: 6
OccupancyRatio: 0.4249333333333334
distance(normalized): 0.3
distance.avg: 0.01353
distance.variance: 0.0
