AngleInfo:
  mean: 198.0
Entropy: 0.13253671189037067
MapSize: 4500.0
MaxEntropy: 2.321928094887362
NumObs_Cv2: 16
OccupancyRatio: 0.34719999999999995
distance(normalized): 0.7
distance.avg: 0.29109
distance.variance: 0.00309
