AngleInfo:
  mean: 270.0
Entropy: 0.014117141174792913
MapSize: 1250.0
MaxEntropy: 2.321928094887362
NumObs_Cv2: 9
OccupancyRatio: 0.34519999999999995
distance(normalized): 0.6
distance.avg: 0.01392
distance.variance: 1.0e-05
