AngleInfo:
  mean: 360.0
Entropy: 0.013306080657901434
MapSize: 1250.0
MaxEntropy: 2.321928094887362
NumObs_Cv2: 4
OccupancyRatio: 0.42800000000000005
distance(normalized): 0.5
distance.avg: 0.01365
distance.variance: 1.0e-05
