AngleInfo:
  mean: 180.0
Entropy: 0.014805782565996189
MapSize: 1250.0
MaxEntropy: 2.321928094887362
NumObs_Cv2: 2
OccupancyRatio: 0.26239999999999997
distance(normalized): []
distance.avg: null
distance.variance: []
