AngleInfo:
  mean: 225.0
Entropy: 0.013002917556148024
MapSize: 1250.0
MaxEntropy: 2.321928094887362
NumObs_Cv2: 8
OccupancyRatio: 0.40359999999999996
distance(normalized): 0.5
distance.avg: 0.08392
distance.variance: 0.00038
