AngleInfo:
  mean: 192.0
Entropy: 0.0561739722791919
MapSize: 4316.0
MaxEntropy: 2.321928094887362
NumObs_Cv2: 15
OccupancyRatio: 0.2878822984244671
distance(normalized): 0.5
distance.avg: 0.0115
distance.variance: 1.0e-05
