AngleInfo:
  mean: 317.6470588235294
Entropy: 0.05069567263351688
MapSize: 7920.0
MaxEntropy: 2.321928094887362
NumObs_Cv2: 9
OccupancyRatio: 0.5469065656565657
distance(normalized): 0.6
distance.avg: 0.00705
distance.variance: 0.0
