AngleInfo:
  mean: 182.33766233766235
Entropy: 0.0970892971784428
MapSize: 7423.5
MaxEntropy: 2.321928094887362
NumObs_Cv2: 54
OccupancyRatio: 0.18603084798275749
distance(normalized): 0.5
distance.avg: 0.01304
distance.variance: 0.0
