AngleInfo:
  mean: 300.0
Entropy: 0.05730527945486255
MapSize: 6750.0
MaxEntropy: 2.321928094887362
NumObs_Cv2: 11
OccupancyRatio: 0.5513333333333333
distance(normalized): 0.7
distance.avg: 0.0072
distance.variance: 0.0
