AngleInfo:
  mean: 75.78947368421052
Entropy: 0.01546614416958668
MapSize: 1250.0
MaxEntropy: 2.321928094887362
NumObs_Cv2: 20
OccupancyRatio: 0.24639999999999995
distance(normalized): 0.5
distance.avg: 0.01311
distance.variance: 0.0
