AngleInfo:
  mean: 180.0
Entropy: 0.013752699188061445
MapSize: 1250.0
MaxEntropy: 2.321928094887362
NumObs_Cv2: 3
OccupancyRatio: 0.38039999999999996
distance(normalized): 1.0
distance.avg: 0.00524
distance.variance: 0.0
