AngleInfo:
  mean: 60.0
Entropy: 0.01342710763572724
MapSize: 1250.0
MaxEntropy: 2.321928094887362
NumObs_Cv2: 6
OccupancyRatio: 0.366
distance(normalized): 0.3
distance.avg: 0.00172
distance.variance: 0.0
