AngleInfo:
  mean: 247.11864406779662
Entropy: 0.08098662079364644
MapSize: 6935.0
MaxEntropy: 2.321928094887362
NumObs_Cv2: 58
OccupancyRatio: 0.2076423936553713
distance(normalized): 0.5
distance.avg: 0.01921
distance.variance: 1.0e-05
