AngleInfo:
  mean: 260.93959731543623
Entropy: 0.10357664514690096
MapSize: 9288.0
MaxEntropy: 2.321928094887362
NumObs_Cv2: 65
OccupancyRatio: 0.14970930232558144
distance(normalized): 0.6
distance.avg: 0.01597
distance.variance: 1.0e-05
