AngleInfo:
  mean: 281.7391304347826
Entropy: 0.0813354011312113
MapSize: 6550.0
MaxEntropy: 2.321928094887362
NumObs_Cv2: 39
OccupancyRatio: 0.14717557251908397
distance(normalized): 0.6
distance.avg: 0.01534
distance.variance: 1.0e-05
