AngleInfo:
  mean: 308.57142857142856
Entropy: 0.0841493356071633
MapSize: 5780.0
MaxEntropy: 2.321928094887362
NumObs_Cv2: 15
OccupancyRatio: 0.5044982698961937
distance(normalized): 0.4
distance.avg: 0.00908
distance.variance: 2.522e-06
