AngleInfo:
  mean: 144.0
Entropy: 0.06809775416673645
MapSize: 5780.0
MaxEntropy: 2.321928094887362
NumObs_Cv2: 8
OccupancyRatio: 0.628961937716263
distance(normalized): 0.5
distance.avg: 0.00621
distance.variance: 1.714e-06
