AngleInfo:
  mean: 180.0
Entropy: 0.05729366202673049
MapSize: 5780.0
MaxEntropy: 2.321928094887362
NumObs_Cv2: 2
OccupancyRatio: 0.7019377162629759
distance(normalized): []
distance.avg: null
distance.variance: []
